The following are the eigenvalues and errors for the simulation FreeRotorInTruncatedSpace
Number of Eigenvalues: 40
State | Eigenvalue (kJ/mol) | Error (kJ/mol?)
0 0.161181 1.20521e-13
1 0.172404 4.79417e-12
2 0.18051 1.02828e-08
3 0.181148 3.09238e-07
4 0.19514 3.18076e-10
5 0.231342 0.000205756
6 0.231847 0.000189978
7 0.240312 5.29126e-07
8 0.274099 0.0023306
9 0.274472 0.00354679
10 0.275607 0.000981216
11 0.287229 0.00451883
12 0.313776 1.81239e-05
13 0.363956 0.0438568
14 0.365792 0.0284882
15 0.373022 0.013295
16 0.383101 0.00792431
17 0.39226 0.0197058
18 0.420149 0.00942104
19 0.442073 0.0130203
20 0.459295 0.0431018
21 0.487791 0.0169216
22 0.500122 0.0406479
23 0.528201 0.0615366
24 0.541493 0.0200777
25 0.58074 0.0559059
26 0.599322 0.050198
27 0.629739 0.0650378
28 0.653743 0.0670451
29 0.689478 0.0528136
30 0.712649 0.067561
31 0.736596 0.0905173
32 0.756475 0.0639889
33 0.798103 0.0601693
34 0.832792 0.0792955
35 0.860752 0.0887008
36 0.885973 0.0706933
37 0.922923 0.0669024
38 0.962334 0.0365987
39 0.987105 0.0900787
