The following are the relative energies for the simulation FreeRotorInTruncatedSpace
Number of Eigenvalues: 40
Zero Point Energy = 0.161181 kJ/mol
State | Relative Energy (kJ/mol)
0 0
1 0.0112237
2 0.0193291
3 0.0199674
4 0.0339592
5 0.0701616
6 0.0706666
7 0.0791313
8 0.112918
9 0.113292
10 0.114427
11 0.126049
12 0.152596
13 0.202775
14 0.204612
15 0.211842
16 0.22192
17 0.23108
18 0.258969
19 0.280893
20 0.298115
21 0.326611
22 0.338941
23 0.36702
24 0.380312
25 0.419559
26 0.438141
27 0.468558
28 0.492563
29 0.528298
30 0.551468
31 0.575416
32 0.595295
33 0.636923
34 0.671611
35 0.699571
36 0.724793
37 0.761742
38 0.801153
39 0.825924
