   6.3913043478260887        169.79593919469499        6.9230769230769855       1.26943064358857553E-002
   6.3913043478260887        169.79593919469499        20.769230769230749       1.26515560719479628E-002
   6.3913043478260887        169.79593919469499        34.615384615384620       1.25765141436397446E-002
   6.3913043478260887        169.79593919469499        48.461538461538467       1.24871143513308469E-002
   6.3913043478260887        169.79593919469499        62.307692307692307       1.24040124945110925E-002
   6.3913043478260887        169.79593919469499        76.153846153846146       1.23457153573100636E-002
   6.3913043478260887        169.79593919469499        90.000000000000000       1.23248054812701135E-002
   6.3913043478260887        169.79593919469499        103.84615384615383       1.23457153573100636E-002
   6.3913043478260887        169.79593919469499        117.69230769230769       1.24040124945110925E-002
   6.3913043478260887        169.79593919469499        131.53846153846152       1.24871143513308469E-002
   6.3913043478260887        169.79593919469499        145.38461538461539       1.25765141436397446E-002
   6.3913043478260887        169.79593919469499        159.23076923076923       1.26515560719479628E-002
   6.3913043478260887        169.79593919469499        173.07692307692307       1.26943064358857553E-002

   6.3913043478260887        156.57747173635585        6.9230769230769855       1.40272009596562764E-002
   6.3913043478260887        156.57747173635585        20.769230769230749       1.37797775961935876E-002
   6.3913043478260887        156.57747173635585        34.615384615384620       1.33603139264285627E-002
   6.3913043478260887        156.57747173635585        48.461538461538467       1.28843726286610866E-002
   6.3913043478260887        156.57747173635585        62.307692307692307       1.24641108366713577E-002
   6.3913043478260887        156.57747173635585        76.153846153846146       1.21814937654804879E-002
   6.3913043478260887        156.57747173635585        90.000000000000000       1.20825039109447568E-002
   6.3913043478260887        156.57747173635585        103.84615384615383       1.21814937654804844E-002
   6.3913043478260887        156.57747173635585        117.69230769230769       1.24641108366713577E-002
   6.3913043478260887        156.57747173635585        131.53846153846152       1.28843726286610866E-002
   6.3913043478260887        156.57747173635585        145.38461538461539       1.33603139264285627E-002
   6.3913043478260887        156.57747173635585        159.23076923076923       1.37797775961935876E-002
   6.3913043478260887        156.57747173635585        173.07692307692307       1.40272009596562764E-002

   6.3913043478260887        143.28106426102181        6.9230769230769855       1.64477788333640094E-002
   6.3913043478260887        143.28106426102181        20.769230769230749       1.57676163251895297E-002
   6.3913043478260887        143.28106426102181        34.615384615384620       1.46721625196131415E-002
   6.3913043478260887        143.28106426102181        48.461538461538467       1.35147168005779559E-002
   6.3913043478260887        143.28106426102181        62.307692307692307       1.25658716299641791E-002
   6.3913043478260887        143.28106426102181        76.153846153846146       1.19652876188203368E-002
   6.3913043478260887        143.28106426102181        90.000000000000000       1.17619171430776350E-002
   6.3913043478260887        143.28106426102181        103.84615384615383       1.19652876188203316E-002
   6.3913043478260887        143.28106426102181        117.69230769230769       1.25658716299641773E-002
   6.3913043478260887        143.28106426102181        131.53846153846152       1.35147168005779542E-002
   6.3913043478260887        143.28106426102181        145.38461538461539       1.46721625196131415E-002
   6.3913043478260887        143.28106426102181        159.23076923076923       1.57676163251895297E-002
   6.3913043478260887        143.28106426102181        173.07692307692307       1.64477788333640094E-002

   6.3913043478260887        129.96722773411696        6.9230769230769855       1.96404993114291937E-002
   6.3913043478260887        129.96722773411696        20.769230769230749       1.83042073919802428E-002
   6.3913043478260887        129.96722773411696        34.615384615384620       1.62605198251066438E-002
   6.3913043478260887        129.96722773411696        48.461538461538467       1.42497132856093216E-002
   6.3913043478260887        129.96722773411696        62.307692307692307       1.27181031254672405E-002
   6.3913043478260887        129.96722773411696        76.153846153846146       1.18045614720773979E-002
   6.3913043478260887        129.96722773411696        90.000000000000000       1.15052805883308681E-002
   6.3913043478260887        129.96722773411696        103.84615384615383       1.18045614720773944E-002
   6.3913043478260887        129.96722773411696        117.69230769230769       1.27181031254672405E-002
   6.3913043478260887        129.96722773411696        131.53846153846152       1.42497132856093216E-002
   6.3913043478260887        129.96722773411696        145.38461538461539       1.62605198251066438E-002
   6.3913043478260887        129.96722773411696        159.23076923076923       1.83042073919802428E-002
   6.3913043478260887        129.96722773411696        173.07692307692307       1.96404993114291937E-002

   6.3913043478260887        116.64702147259479        6.9230769230769855       2.27324917841000111E-002
   6.3913043478260887        116.64702147259479        20.769230769230749       2.07163309072148742E-002
   6.3913043478260887        116.64702147259479        34.615384615384620       1.77450818503593413E-002
   6.3913043478260887        116.64702147259479        48.461538461538467       1.49659578619761920E-002
   6.3913043478260887        116.64702147259479        62.307692307692307       1.29559022279007070E-002
   6.3913043478260887        116.64702147259479        76.153846153846146       1.18060091815020557E-002
   6.3913043478260887        116.64702147259479        90.000000000000000       1.14380004926761900E-002
   6.3913043478260887        116.64702147259479        103.84615384615383       1.18060091815020505E-002
   6.3913043478260887        116.64702147259479        117.69230769230769       1.29559022279007053E-002
   6.3913043478260887        116.64702147259479        131.53846153846152       1.49659578619761868E-002
   6.3913043478260887        116.64702147259479        145.38461538461539       1.77450818503593413E-002
   6.3913043478260887        116.64702147259479        159.23076923076923       2.07163309072148742E-002
   6.3913043478260887        116.64702147259479        173.07692307692307       2.27324917841000111E-002

   6.3913043478260887        103.32405621625357        6.9230769230769855       2.47020460026465792E-002
   6.3913043478260887        103.32405621625357        20.769230769230749       2.22999870960676506E-002
   6.3913043478260887        103.32405621625357        34.615384615384620       1.88083678834000678E-002
   6.3913043478260887        103.32405621625357        48.461538461538467       1.56026928228681361E-002
   6.3913043478260887        103.32405621625357        62.307692307692307       1.33279706214816177E-002
   6.3913043478260887        103.32405621625357        76.153846153846146       1.20468958299707590E-002
   6.3913043478260887        103.32405621625357        90.000000000000000       1.16405295869852089E-002
   6.3913043478260887        103.32405621625357        103.84615384615383       1.20468958299707520E-002
   6.3913043478260887        103.32405621625357        117.69230769230769       1.33279706214816142E-002
   6.3913043478260887        103.32405621625357        131.53846153846152       1.56026928228681361E-002
   6.3913043478260887        103.32405621625357        145.38461538461539       1.88083678834000678E-002
   6.3913043478260887        103.32405621625357        159.23076923076923       2.22999870960676402E-002
   6.3913043478260887        103.32405621625357        173.07692307692307       2.47020460026465792E-002

   6.3913043478260887        90.000000000000000        6.9230769230769855       2.51223015175961115E-002
   6.3913043478260887        90.000000000000000        20.769230769230749       2.27841854401860250E-002
   6.3913043478260887        90.000000000000000        34.615384615384620       1.93522773672272150E-002
   6.3913043478260887        90.000000000000000        48.461538461538467       1.61591834379967124E-002
   6.3913043478260887        90.000000000000000        62.307692307692307       1.38634154426510552E-002
   6.3913043478260887        90.000000000000000        76.153846153846146       1.25574747786339272E-002
   6.3913043478260887        90.000000000000000        90.000000000000000       1.21409604233678105E-002
   6.3913043478260887        90.000000000000000        103.84615384615383       1.25574747786339272E-002
   6.3913043478260887        90.000000000000000        117.69230769230769       1.38634154426510534E-002
   6.3913043478260887        90.000000000000000        131.53846153846152       1.61591834379967055E-002
   6.3913043478260887        90.000000000000000        145.38461538461539       1.93522773672272150E-002
   6.3913043478260887        90.000000000000000        159.23076923076923       2.27841854401860076E-002
   6.3913043478260887        90.000000000000000        173.07692307692307       2.51223015175961219E-002

   6.3913043478260887        76.675943783746433        6.9230769230769855       2.42928039838501940E-002
   6.3913043478260887        76.675943783746433        20.769230769230749       2.23626084718216087E-002
   6.3913043478260887        76.675943783746433        34.615384615384620       1.94517262241630622E-002
   6.3913043478260887        76.675943783746433        48.461538461538467       1.66415169615859240E-002
   6.3913043478260887        76.675943783746433        62.307692307692307       1.45443155419858854E-002
   6.3913043478260887        76.675943783746433        76.153846153846146       1.33158795740620853E-002
   6.3913043478260887        76.675943783746433        90.000000000000000       1.29177933742719957E-002
   6.3913043478260887        76.675943783746433        103.84615384615383       1.33158795740620853E-002
   6.3913043478260887        76.675943783746433        117.69230769230769       1.45443155419858802E-002
   6.3913043478260887        76.675943783746433        131.53846153846152       1.66415169615859240E-002
   6.3913043478260887        76.675943783746433        145.38461538461539       1.94517262241630622E-002
   6.3913043478260887        76.675943783746433        159.23076923076923       2.23626084718216052E-002
   6.3913043478260887        76.675943783746433        173.07692307692307       2.42928039838502009E-002

   6.3913043478260887        63.352978527405241        6.9230769230769855       2.27822173694008714E-002
   6.3913043478260887        63.352978527405241        20.769230769230749       2.13971653352648464E-002
   6.3913043478260887        63.352978527405241        34.615384615384620       1.92306852327522142E-002
   6.3913043478260887        63.352978527405241        48.461538461538467       1.70320797003292827E-002
   6.3913043478260887        63.352978527405241        62.307692307692307       1.53056625815122804E-002
   6.3913043478260887        63.352978527405241        76.153846153846146       1.42526826307981629E-002
   6.3913043478260887        63.352978527405241        90.000000000000000       1.39038455572866836E-002
   6.3913043478260887        63.352978527405241        103.84615384615383       1.42526826307981577E-002
   6.3913043478260887        63.352978527405241        117.69230769230769       1.53056625815122787E-002
   6.3913043478260887        63.352978527405241        131.53846153846152       1.70320797003292793E-002
   6.3913043478260887        63.352978527405241        145.38461538461539       1.92306852327522142E-002
   6.3913043478260887        63.352978527405241        159.23076923076923       2.13971653352648464E-002
   6.3913043478260887        63.352978527405241        173.07692307692307       2.27822173694008714E-002

   6.3913043478260887        50.032772265883054        6.9230769230769855       2.10856418969538051E-002
   6.3913043478260887        50.032772265883054        20.769230769230749       2.02207847614420261E-002
   6.3913043478260887        50.032772265883054        34.615384615384620       1.88141279384991776E-002
   6.3913043478260887        50.032772265883054        48.461538461538467       1.73082068986664603E-002
   6.3913043478260887        50.032772265883054        62.307692307692307       1.60586974075430239E-002
   6.3913043478260887        50.032772265883054        76.153846153846146       1.52617261852216520E-002
   6.3913043478260887        50.032772265883054        90.000000000000000       1.49910256480951208E-002
   6.3913043478260887        50.032772265883054        103.84615384615383       1.52617261852216520E-002
   6.3913043478260887        50.032772265883054        117.69230769230769       1.60586974075430239E-002
   6.3913043478260887        50.032772265883054        131.53846153846152       1.73082068986664603E-002
   6.3913043478260887        50.032772265883054        145.38461538461539       1.88141279384991776E-002
   6.3913043478260887        50.032772265883054        159.23076923076923       2.02207847614420261E-002
   6.3913043478260887        50.032772265883054        173.07692307692307       2.10856418969538120E-002

   6.3913043478260887        36.718935738978203        6.9230769230769855       1.95521378892362478E-002
   6.3913043478260887        36.718935738978203        20.769230769230749       1.90977063418173269E-002
   6.3913043478260887        36.718935738978203        34.615384615384620       1.83317838189355521E-002
   6.3913043478260887        36.718935738978203        48.461538461538467       1.74703078761897293E-002
   6.3913043478260887        36.718935738978203        62.307692307692307       1.67174218742131529E-002
   6.3913043478260887        36.718935738978203        76.153846153846146       1.62160026513053571E-002
   6.3913043478260887        36.718935738978203        90.000000000000000       1.60414332219833838E-002
   6.3913043478260887        36.718935738978203        103.84615384615383       1.62160026513053571E-002
   6.3913043478260887        36.718935738978203        117.69230769230769       1.67174218742131529E-002
   6.3913043478260887        36.718935738978203        131.53846153846152       1.74703078761897293E-002
   6.3913043478260887        36.718935738978203        145.38461538461539       1.83317838189355521E-002
   6.3913043478260887        36.718935738978203        159.23076923076923       1.90977063418173269E-002
   6.3913043478260887        36.718935738978203        173.07692307692307       1.95521378892362478E-002

   6.3913043478260887        23.422528263644157        6.9230769230769855       1.83974722344527331E-002
   6.3913043478260887        23.422528263644157        20.769230769230749       1.82184525453652803E-002
   6.3913043478260887        23.422528263644157        34.615384615384620       1.79081790192477698E-002
   6.3913043478260887        23.422528263644157        48.461538461538467       1.75451717643992922E-002
   6.3913043478260887        23.422528263644157        62.307692307692307       1.72142523924934190E-002
   6.3913043478260887        23.422528263644157        76.153846153846146       1.69858883883899185E-002
   6.3913043478260887        23.422528263644157        90.000000000000000       1.69047447590878683E-002
   6.3913043478260887        23.422528263644157        103.84615384615383       1.69858883883899185E-002
   6.3913043478260887        23.422528263644157        117.69230769230769       1.72142523924934190E-002
   6.3913043478260887        23.422528263644157        131.53846153846152       1.75451717643992922E-002
   6.3913043478260887        23.422528263644157        145.38461538461539       1.79081790192477698E-002
   6.3913043478260887        23.422528263644157        159.23076923076923       1.82184525453652803E-002
   6.3913043478260887        23.422528263644157        173.07692307692307       1.83974722344527331E-002

   6.3913043478260887        10.204060805305019        6.9230769230769855       1.77315264559646663E-002
   6.3913043478260887        10.204060805305019        20.769230769230749       1.76983849531163785E-002
   6.3913043478260887        10.204060805305019        34.615384615384620       1.76399462527183984E-002
   6.3913043478260887        10.204060805305019        48.461538461538467       1.75698828055387973E-002
   6.3913043478260887        10.204060805305019        62.307692307692307       1.75043166234062353E-002
   6.3913043478260887        10.204060805305019        76.153846153846146       1.74580656519314585E-002
   6.3913043478260887        10.204060805305019        90.000000000000000       1.74414246992349552E-002
   6.3913043478260887        10.204060805305019        103.84615384615383       1.74580656519314585E-002
   6.3913043478260887        10.204060805305019        117.69230769230769       1.75043166234062353E-002
   6.3913043478260887        10.204060805305019        131.53846153846152       1.75698828055387973E-002
   6.3913043478260887        10.204060805305019        145.38461538461539       1.76399462527183984E-002
   6.3913043478260887        10.204060805305019        159.23076923076923       1.76983849531163785E-002
   6.3913043478260887        10.204060805305019        173.07692307692307       1.77315264559646663E-002
