0 0 23.56338091296773 1.117620270828041 inf -inf nan
1726.892629323851 0.00546875 23.54385282079794 1.130971002582421 0.002487769095715821 -7.127053296368587e-05 0.001208249281376068
3453.785258647702 0.0109375 23.52554322161472 1.144481217877888 0.001240446322676788 -3.907349166296855e-05 0.0006006864155069097
5180.677887971553 0.01640625 23.5083760851973 1.158152821853447 0.0008246720649971094 -2.83411445627294e-05 0.00039816546021719
6907.570517295404 0.021875 23.49228012537727 1.171987742406297 0.0006167849361572653 -2.297497101261117e-05 0.0002969049825723271
8634.463146619255 0.02734375 23.47718850402421 1.185987930463627 0.0004920526588533656 -1.975526688253779e-05 0.0002361486959854139
10361.35577594311 0.0328125 23.46303855350179 1.200155360257841 0.0004088978073174284 -1.76087974624893e-05 0.0001956445049274696
12088.24840526696 0.03828125 23.44977151644176 1.214492029604862 0.0003495014847917599 -1.607560501959818e-05 0.0001667129398860808
13815.14103459081 0.04375 23.43733230175525 1.228999960185878 0.000304954242897508 -1.49257106874307e-05 0.0001450142661050386
15542.03366391466 0.04921875 23.42566925586812 1.243681197832389 0.000270306388090868 -1.403134842907716e-05 0.0001281375198308954
17268.92629323851 0.0546875 23.41473394823067 1.258537812814793 0.0002425881042455578 -1.331585862239416e-05 0.0001146361228115818
18995.81892256236 0.06015625 23.40448097021079 1.273571900134275 0.0002199095083721195 -1.273045787147253e-05 0.0001035895252503235
20722.71155188621 0.065625 23.39486774653557 1.288785579818171 0.0002010106784775883 -1.224262391237051e-05 9.438402728260892e-05
22449.60418121006 0.07109375 23.38585435849839 1.304180997219015 0.0001850193608745244 -1.182984133159124e-05 8.659475977146658e-05
24176.49681053391 0.07656249999999999 23.37740337819736 1.319760323317109 0.0001713125172147546 -1.147602769092503e-05 7.991824476191477e-05
25903.38943985776 0.08203125 23.36947971311672 1.335525755026425 0.0001594332527096206 -1.116938920234679e-05 7.41319317536369e-05
27630.28206918162 0.08749999999999999 23.36205046040593 1.351479515504637 0.0001490388962676305 -1.090108052483976e-05 6.906890787139537e-05
29357.17469850547 0.09296875 23.35508477025133 1.367623854466663 0.0001398674052894013 -1.066433757409996e-05 6.460153385765066e-05
31084.06732782932 0.0984375 23.34855371777285 1.383961048501605 0.0001317149688643091 -1.045389939566435e-05 6.063053473432238e-05
32810.95995715317 0.10390625 23.34243018291415 1.400493401394029 0.0001244206836418588 -1.026561260443196e-05 5.707753551871344e-05
34537.85258647702 0.109375 23.33668873782711 1.417223244448773 0.0001178558269416532 -1.009615449232213e-05 5.387983622466555e-05
36264.74521580087 0.11484375 23.33130554128328 1.43415293681979 0.0001119161946890871 -9.942835248033342e-06 5.098667972052686e-05
37991.63784512472 0.1203125 23.32625823967361 1.451284865842583 0.0001065165290049339 -9.803454116861717e-06 4.835653744403608e-05
39718.53047444858 0.12578125 23.32152587418566 1.46862144737101 0.0001015863994672304 -9.676193084052124e-06 4.595510319158912e-05
41445.42310377242 0.13125 23.3170887937725 1.486165126118024 9.706711405767051e-05 -9.559537137310021e-06 4.375378846018024e-05
43172.31573309627 0.13671875 23.3129285735522 1.503918376000377 9.290937148087095e-05 -9.452213666308628e-06 4.172857890728117e-05
44899.20836242013 0.1421875 23.30902793829886 1.521883700487102 8.907145525613729e-05 -9.353145846920461e-06 3.985915470460842e-05
46626.10099174398 0.14765625 23.30537069070768 1.540063632953427 8.551782912212183e-05 -9.261416384526263e-06 3.812820636879778e-05
48352.99362106783 0.153125 23.30194164413588 1.558460737036939 8.221803342625098e-05 -9.176239026588136e-06 3.652089719983142e-05
50079.88625039168 0.15859375 23.2987265595406 1.577077606999852 7.914580984733812e-05 -9.09693596919723e-06 3.502443693907045e-05
51806.77887971553 0.1640625 23.29571208635152 1.595916868094575 7.627840117368573e-05 -9.022919782298837e-06 3.362774069569345e-05
53533.67150903938 0.16953125 23.29288570703291 1.614981176933951 7.359598660800878e-05 -8.953678833264896e-06 3.232115388737194e-05
55260.56413836323 0.175 23.29023568510482 1.634273221865886 7.108122295268791e-05 -8.888765443546017e-06 3.109622875457095e-05
56987.45676768708 0.18046875 23.28775101640764 1.653795723352339 6.871886921587327e-05 -8.827786198658546e-06 2.994554150860736e-05
58714.34939701093 0.1859375 23.2854213834075 1.673551434353018 6.649547746357445e-05 -8.770393968175553e-06 2.886254174769945e-05
60441.24202633479 0.19140625 23.28323711235297 1.693543140713777 6.439913666855124e-05 -8.7162812937207e-06 2.784142768741527e-05
62168.13465565864 0.196875 23.281189133105 1.713773661559039 6.241925925102944e-05 -8.665174878957052e-06 2.68770421860362e-05
63895.02728498248 0.20234375 23.27926894147339 1.734245849689752 6.054640223445526e-05 -8.616830973099209e-06 2.596478563067803e-05
65621.91991430635 0.2078125 23.27746856390327 1.754962591985707 5.87721166398029e-05 -8.571031483340975e-06 2.510054257823096e-05
67348.81254363019 0.21328125 23.27578052436511 1.775926809811752 5.70888200500081e-05 -8.527580685363287e-06 2.42806196823224e-05
69075.70517295404 0.21875 23.27419781331067 1.797141459431227 5.548968828970308e-05 -8.486302427285654e-06 2.350169293120871e-05
70802.59780227789 0.22421875 23.27271385856601 1.818609532421613 5.396856295672802e-05 -8.447037742773475e-06 2.276076260697727e-05
72529.49043160173 0.2296875 23.27132249804064 1.840334056096551 5.251987216341795e-05 -8.409642805141093e-06 2.205511467913843e-05
74256.3830609256 0.23515625 23.27001795413961 1.862318093933917 5.113856233723912e-05 -8.37398716693621e-06 2.138228758515146e-05
75983.27569024944 0.240625 23.26879480977214 1.884564746005461 4.982003932134368e-05 -8.339952239555568e-06 2.074004354089405e-05
77710.16831957329 0.24609375 23.2676479858573 1.907077149416764 4.856011732837585e-05 -8.307429975614521e-06 2.012634367638066e-05
79437.06094889715 0.2515625 23.2665727202332 1.929858478748117 4.735497455249015e-05 -8.276321723152147e-06 1.9539326414669e-05
81163.953578221 0.25703125 23.26556454788222 1.952911946501245 4.620111444791834e-05 -8.246537226112177e-06 1.897728861090308e-05
82890.84620754485 0.2625 23.26461928239015 1.976240803553917 4.509533184770933e-05 -8.217993749779812e-06 1.843866904896476e-05
84617.7388368687 0.26796875 23.26373299856217 1.999848339618695 4.403468323118102e-05 -8.190615313299547e-06 1.792203395894074e-05
86344.63146619254 0.2734374999999999 23.26290201612354 2.023737883704872 4.301646055931297e-05 -8.164332014277818e-06 1.742606427251757e-05
88071.5240955164 0.27890625 23.2621228844374 2.047912804590047 4.20381681882995e-05 -8.139079432867549e-06 1.694954437771597e-05
89798.41672484025 0.284375 23.26139236817599 2.072376511292491 4.109750244694329e-05 -8.114798104585469e-06 1.649135217117891e-05
91525.3093541641 0.28984375 23.26070743388609 2.09713245355496 4.019233352601607e-05 -8.0914330528416e-06 1.605045023658724e-05
93252.20198348796 0.2953125 23.26006523739267 2.122184122330293 3.93206893799377e-05 -8.068933373388735e-06 1.562587800327448e-05
94979.09461281181 0.30078125 23.25946311198844 2.147535050271006 3.848074138462142e-05 -8.047251864096188e-06 1.521674476026262e-05
96705.98724213566 0.30625 23.25889855736049 2.173188812230175 3.767079153200391e-05 -8.026344694417229e-06 1.482222341879334e-05
98432.8798714595 0.31171875 23.25836922920774 2.199149025767035 3.688926097245301e-05 -8.006171109642823e-06 1.44415449314051e-05
100159.7725007834 0.3171875 23.25787292950633 2.225419351652691 3.613467974254641e-05 -7.986693165722826e-06 1.407399328841179e-05
101886.6651301072 0.32265625 23.2574075973823 2.252003494389106 3.540567753738209e-05 -7.96787549108722e-06 1.371890102314743e-05
103613.5577594311 0.328125 23.25697130055391 2.278905202732394 3.470097540571718e-05 -7.949685072276456e-06 1.337564516672036e-05
105340.4503887549 0.33359375 23.25656222730788 2.306128270217329 3.401937826197851e-05 -7.932091060636453e-06 1.304364360067103e-05
107067.3430180788 0.3390625 23.25617867897626 2.33367653569737 3.335976812287552e-05 -7.915064597758445e-06 1.272235176255854e-05
108794.2356474026 0.34453125 23.25581906288278 2.36155388388373 3.272109798818901e-05 -7.898578657513736e-06 1.241125966533764e-05
110521.1282767265 0.35 23.25548188572925 2.389764245890813 3.210238629522201e-05 -7.882607902897742e-06 1.210988919616213e-05
112248.0209060503 0.35546875 23.25516574739474 2.418311599796651 3.150271188510232e-05 -7.867128556120418e-06 1.181779166449095e-05
113974.9135353742 0.3609375 23.25486933512153 2.447199971196205 3.092120942680509e-05 -7.852118280455565e-06 1.153454557317476e-05
115701.806164698 0.36640625 23.25459141806398 2.476433433773935 3.035706525085775e-05 -7.837556072716756e-06 1.12597545890705e-05
117428.6987940219 0.371875 23.25433084217743 2.506016109881464 2.98095135506604e-05 -7.823422165213591e-06 1.099304569272341e-05
119155.5914233457 0.37734375 23.25408652542605 2.53595217110859 2.927783291423786e-05 -7.809697936188091e-06 1.073406748902489e-05
120882.4840526696 0.3828125 23.25385745328972 2.566245838876931 2.876134315315579e-05 -7.796365827980943e-06 1.048248866258743e-05
122609.3766819934 0.38828125 23.2536426745513 2.596901385045616 2.825940239941322e-05 -7.783409272127775e-06 1.023799656364272e-05
124336.2693113173 0.39375 23.25344129734663 2.627923132492944 2.777140444439124e-05 -7.77081262059982e-06 1.00002959118957e-05
126063.1619406411 0.39921875 23.25325248546116 2.659315455743604 2.72967762963499e-05 -7.758561082814944e-06 9.769107606767481e-06
127790.054569965 0.4046875 23.25307545485757 2.69108278157511 2.683497593611111e-05 -7.74664066767055e-06 9.544167634220279e-06
129516.9471992888 0.41015625 23.25290947042003 2.723229589652146 2.638549025212209e-05 -7.735038130274247e-06 9.32522606092392e-06
131243.8398286127 0.415625 23.25275384290171 2.755760413137325 2.594783313877228e-05 -7.723740922792141e-06 9.112046107990066e-06
132970.7324579365 0.42109375 23.25260792606264 2.788679839367621 2.552154374264886e-05 -7.712737149287937e-06 8.90440329668046e-06
134697.6250872604 0.4265625 23.25247111398627 2.821992510454246 2.510618484388761e-05 -7.702015523807414e-06 8.702084660040096e-06
136424.5177165842 0.43203125 23.25234283856335 2.855703123979348 2.470134136026777e-05 -7.691565331883809e-06 8.50488801419198e-06
138151.4103459081 0.4375 23.25222256713293 2.889816433638559 2.430661896371645e-05 -7.681376394767354e-06 8.312621284474548e-06
139878.3029752319 0.44296875 23.25210980027045 2.924337249903411 2.392164279921632e-05 -7.671439036337316e-06 8.125101881439501e-06
141605.1956045558 0.4484375 23.25200406971392 2.959270440720915 2.354605629723445e-05 -7.661744052505995e-06 7.942156122364229e-06
143332.0882338796 0.45390625 23.25190493641945 2.994620932187888 2.317952007243115e-05 -7.652282682753223e-06 7.763618694838962e-06
145058.9808632035 0.4593749999999999 23.25181198873813 3.030393709230291 2.282171090057971e-05 -7.643046583688839e-06 7.589332158445434e-06
146785.8734925273 0.46484375 23.25172484070673 3.066593816356692 2.247232076806123e-05 -7.634027804630006e-06 7.419146481715613e-06
148512.7661218512 0.4703125 23.25164313044488 3.103226358289949 2.213105598750728e-05 -7.625218764592124e-06 7.252918611457576e-06
150239.658751175 0.47578125 23.25156651865246 3.140296500771439 2.179763637429298e-05 -7.616612231226446e-06 7.090512071533269e-06
151966.5513804989 0.48125 23.25149468720063 3.177809471242155 2.147179447955563e-05 -7.608201300908328e-06 6.931796589323653e-06
153693.4440098227 0.48671875 23.25142733781083 3.215770559571197 2.115327487457616e-05 -7.599979380253125e-06 6.776647747161516e-06
155420.3366391466 0.4921874999999999 23.25136419081614 3.254185118825519 2.084183348306557e-05 -7.591940168929737e-06 6.624946657067917e-06
157147.2292684704 0.49765625 23.25130498400001 3.293058566033086 2.053723695728541e-05 -7.584077643574005e-06 6.476579656855701e-06
158874.1218977943 0.503125 23.25124947150741 3.332396382924391 2.02392620951144e-05 -7.576386042692188e-06 6.331438026211105e-06
160601.0145271182 0.5085937500000001 23.25119742282388 3.37220411670641 1.994769529450137e-05 -7.568859852584553e-06 6.18941772095841e-06
162327.907156442 0.5140625 23.25114862181838 3.412487380853805 1.966233204283151e-05 -7.561493794181716e-06 6.050419124324898e-06
164054.7997857658 0.51953125 23.25110286584577 3.453251855898154 1.938297643855045e-05 -7.554282810691236e-06 5.914346813929607e-06
165781.6924150897 0.525 23.25105996490534 3.494503290218693 1.910944074275085e-05 -7.547222056002899e-06 5.781109343373976e-06
167508.5850444135 0.5304687499999999 23.25101974085187 3.536247500901963 1.884154495813683e-05 -7.540306883912663e-06 5.650619037112083e-06
169235.4776737374 0.5359375 23.25098202665581 3.578490374485778 1.857911643444373e-05 -7.533532837793416e-06 5.522791798325157e-06
170962.3703030612 0.54140625 23.25094666570978 3.621237867807189 1.832198949713357e-05 -7.526895641052976e-06 5.397546928040298e-06
172689.2629323851 0.5468749999999999 23.2509135111782 3.664496008922373 1.807000509855142e-05 -7.520391188260369e-06 5.274806955145528e-06
174416.155561709 0.55234375 23.25088242538758 3.708270897864091 1.782301049002691e-05 -7.514015536523758e-06 5.154497476751578e-06
176143.0481910328 0.5578125 23.25085327925484 3.752568707513596 1.758085891302695e-05 -7.507764897543512e-06 5.036547007741719e-06
177869.9408203567 0.56328125 23.25082595175128 3.797395684531212 1.734340930844564e-05 -7.501635630198556e-06 4.920886839123541e-06
179596.8334496805 0.56875 23.25080032940004 3.842758150184507 1.711052604235395e-05 -7.495624233390627e-06 4.80745090448166e-06
181323.7260790044 0.57421875 23.25077630580483 3.888662501278602 1.688207864796692e-05 -7.48972733943292e-06 4.696175654267001e-06
183050.6187083282 0.5796874999999999 23.25075378120819 3.93511521090951 1.665794158186528e-05 -7.483941707548485e-06 4.586999937158397e-06
184777.511337652 0.5851562499999999 23.25073266207723 3.982122829681112 1.643799399357869e-05 -7.478264218363258e-06 4.479864887607715e-06
186504.4039669759 0.5906250000000001 23.25071286071517 4.029691986269523 1.622211950890621e-05 -7.472691867792887e-06 4.374713820556662e-06
188231.2965962998 0.59609375 23.25069429489731 4.077829388744134 1.601020602376506e-05 -7.467221762271451e-06 4.271492130746806e-06
189958.1892256236 0.6015625 23.25067688752948 4.126541825100621 1.58021455111536e-05 -7.461851113185106e-06 4.170147198984249e-06
191685.0818549475 0.60703125 23.25066056632794 4.175836164492224 1.559783383666147e-05 -7.456577232502429e-06 4.070628302079519e-06
193411.9744842713 0.6124999999999999 23.25064526351926 4.225719358213498 1.539717058490878e-05 -7.451397528297349e-06 3.972886528305717e-06
195138.8671135952 0.61796875 23.25063091555885 4.276198440506114 1.520005889515534e-05 -7.446309500281607e-06 3.876874697436868e-06
196865.759742919 0.6234375 23.25061746286711 4.327280529648765 1.500640530516644e-05 -7.441310735907002e-06 3.78254728462972e-06
198592.6523722429 0.62890625 23.25060484958203 4.378972828986778 1.481611960369893e-05 -7.436398906579679e-06 3.689860348559625e-06
200319.5450015667 0.6343749999999999 23.25059302332721 4.431282627862733 1.4629114690169e-05 -7.431571763943222e-06 3.59877146311289e-06
202046.4376308906 0.63984375 23.25058193499437 4.484217302817576 1.444530644182604e-05 -7.426827136644265e-06 3.509239652590886e-06
203773.3302602144 0.6453125 23.25057153853946 4.537784318286755 1.426461358751164e-05 -7.422162926689675e-06 3.42122533041098e-06
205500.2228895383 0.65078125 23.2505617907914 4.591991228076238 1.408695758803906e-05 -7.417577106827062e-06 3.334690240605997e-06
207227.1155188621 0.65625 23.25055265127289 4.646845676140926 1.391226252169993e-05 -7.413067717286739e-06 3.249597402206594e-06
208954.008148186 0.66171875 23.25054408203227 4.702355397819224 1.374045497722213e-05 -7.408632863157984e-06 3.165911057032073e-06
210680.9007775098 0.6671874999999999 23.25053604748596 4.758528220617936 1.357146394992613e-05 -7.404270711421432e-06 3.083596619252352e-06
212407.7934068337 0.67265625 23.25052851427066 4.815372066036835 1.34052207439668e-05 -7.399979489151667e-06 3.002620627407569e-06
214134.6860361575 0.678125 23.25052145110486 4.872894949607067 1.324165888023603e-05 -7.395757480032338e-06 2.922950700101847e-06
215861.5786654814 0.68359375 23.25051482865893 4.931104983086488 1.308071400631978e-05 -7.391603023125965e-06 2.844555491596906e-06
217588.4712948052 0.6890625 23.25050861943328 4.990010374735347 1.292232381293459e-05 -7.387514509850424e-06 2.767404651542081e-06
219315.3639241291 0.69453125 23.25050279764424 5.049619431291589 1.276642795333818e-05 -7.383490382677716e-06 2.691468785330231e-06
221042.2565534529 0.7 23.25049733911696 5.109940558529358 1.261296796648571e-05 -7.37952913257456e-06 2.616719416955573e-06
222769.1491827768 0.70546875 23.25049222118503 5.170982262360436 1.246188720429701e-05 -7.375629297060042e-06 2.543128953618484e-06
224496.0418121006 0.7109375 23.25048742259633 5.232753150788945 1.231313076156602e-05 -7.371789459072029e-06 2.470670651246995e-06
226222.9344414245 0.7164062499999999 23.25048292342483 5.295261934454132 1.216664540945635e-05 -7.368008244649193e-06 2.39931858240358e-06
227949.8270707483 0.7218749999999999 23.25047870498782 5.358517427922108 1.202237953225124e-05 -7.364284321359912e-06 2.329047605445662e-06
229676.7197000722 0.7273437500000001 23.25047474976832 5.422528550902724 1.188028306708148e-05 -7.360616396726172e-06 2.259833335177654e-06
231403.612329396 0.7328125 23.25047104134238 5.487304330487204 1.174030744434751e-05 -7.357003217511487e-06 2.191652113418013e-06
233130.5049587199 0.73828125 23.25046756431082 5.552853900272471 1.160240553483065e-05 -7.353443566569402e-06 2.124480984130625e-06
234857.3975880437 0.74375 23.25046430423536 5.619186504621838 1.146653159401953e-05 -7.349936263829595e-06 2.058297665094968e-06
236584.2902173676 0.7492187499999999 23.2504612475786 5.686311496287898 1.133264121524102e-05 -7.346480162134812e-06 1.993080526553104e-06
238311.1828466914 0.7546875 23.25045838164784 5.75423834219785 1.120069127563048e-05 -7.343074149394646e-06 1.928808563117915e-06
240038.0754760153 0.76015625 23.25045569454235 5.82297661986088 1.107063989721547e-05 -7.339717143693678e-06 1.865461376760896e-06
241764.9681053392 0.765625 23.25045317510399 5.892536022712926 1.094244639530035e-05 -7.336408095123103e-06 1.803019150088622e-06
243491.860734663 0.77109375 23.25045081287085 5.96292635969996 1.081607124103655e-05 -7.333145983354398e-06 1.741462628841078e-06
245218.7533639868 0.7765625 23.25044859803381 6.034157557838068 1.069147601824964e-05 -7.329929817404689e-06 1.680773100422473e-06
246945.6459933107 0.78203125 23.25044652139579 6.106239659791852 1.056862338638114e-05 -7.326758632041095e-06 1.620932377170023e-06
248672.5386226345 0.7875 23.25044457433361 6.179182832449822 1.044747704100876e-05 -7.32363149166019e-06 1.561922774674287e-06
250399.4312519584 0.79296875 23.25044274876213 6.252997359413624 1.032800168003127e-05 -7.320547483390564e-06 1.503727098320353e-06
252126.3238812822 0.7984374999999999 23.2504410371007 6.327693651879103 1.021016296712691e-05 -7.31750572240392e-06 1.446328622361497e-06
253853.2165106061 0.8039062499999999 23.25043943224169 6.403282241851358 1.009392750232649e-05 -7.314505345708548e-06 1.38971107830897e-06
255580.1091399299 0.809375 23.25043792752097 6.479773789710868 9.979262786705537e-06 -7.311545515212651e-06 1.333858635746443e-06
257307.0017692538 0.81484375 23.25043651669018 6.557179079317907 9.866137195153055e-06 -7.308625413005081e-06 1.278755891073987e-06
259033.8943985777 0.8203125 23.25043519389091 6.635509028564781 9.754519944978255e-06 -7.305744246071793e-06 1.224387849453231e-06
260760.7870279015 0.82578125 23.25043395363025 6.714774681924117 9.644381068587273e-06 -7.30290124015769e-06 1.170739914214792e-06
262487.6796572254 0.83125 23.25043279075805 6.794987217653841 9.535691388681484e-06 -7.300095642445571e-06 1.117797873117957e-06
264214.5722865492 0.83671875 23.25043170044551 6.876157946999188 9.428422487706209e-06 -7.297326719487322e-06 1.065547884109443e-06
265941.4649158731 0.8421875000000001 23.25043067816511 6.958298315114103 9.322546689741358e-06 -7.294593756228898e-06 1.01397646675623e-06
267668.3575451969 0.8476562499999999 23.25042971967188 7.041419904843922 9.218037031637169e-06 -7.291896056605965e-06 9.63070487515602e-07
269395.2501745208 0.853125 23.25042882098568 7.125534437924568 9.114867240474273e-06 -7.289232942678416e-06 9.128171488979285e-07
271122.1428038446 0.8585937499999999 23.25042797837474 7.210653777270263 9.013011715190663e-06 -7.286603754361824e-06 8.632039804144194e-07
272849.0354331685 0.8640625 23.25042718834013 7.296789924283823 8.912445498864394e-06 -7.284007846636738e-06 8.142188261138278e-07
274575.9280624923 0.8695312499999999 23.25042644760126 7.383955027268549 8.813144266694624e-06 -7.281444592484593e-06 7.658498371050158e-07
276302.8206918162 0.875 23.25042575308222 7.472161376806331 8.715084299358882e-06 -7.278913379153961e-06 7.180854601024606e-07
278029.71332114 0.88046875 23.25042510189903 7.561421408248094 8.618242470743459e-06 -7.276413608159044e-06 6.709144312922079e-07
279756.6059504639 0.8859374999999999 23.25042449134768 7.651747713923441 8.522596217529758e-06 -7.273944699780584e-06 6.243257588745867e-07
281483.4985797877 0.8914062500000001 23.25042391889285 7.743153025511019 8.428123540529309e-06 -7.271506083355262e-06 5.783087285870238e-07
283210.3912091115 0.896875 23.25042338215745 7.835650236407573 8.334802968047852e-06 -7.269097206570119e-06 5.328528807388666e-07
284937.2838384354 0.90234375 23.25042287891269 7.929252392965158 8.242613553463271e-06 -7.266717529967111e-06 4.879480117480798e-07
286664.1764677592 0.9078124999999999 23.25042240706885 8.02397268527973 8.151534856807692e-06 -7.264366521780574e-06 4.435841675135588e-07
288391.0690970831 0.9132812499999999 23.25042196466663 8.119824480923826 8.061546919889026e-06 -7.262043671626908e-06 3.997516241310587e-07
290117.9617264069 0.9187499999999998 23.25042154986894 8.216821285524821 7.972630269384091e-06 -7.259748472039405e-06 3.56440898672343e-07
291844.8543557308 0.92421875 23.25042116095335 8.314976786096718 7.884765888930389e-06 -7.257480435988459e-06 3.136427264709648e-07
293571.7469850547 0.9296875 23.25042079630491 8.414304820838144 7.797935202838144e-06 -7.255239082785014e-06 2.713480600265652e-07
295298.6396143785 0.9351562499999999 23.25042045440941 8.51481939665543 7.712120081464049e-06 -7.253023944383179e-06 2.295480685404354e-07
297025.5322437024 0.940625 23.25042013384713 8.616534685817573 7.627302814588224e-06 -7.250834562853619e-06 1.882341258673026e-07
298752.4248730262 0.94609375 23.25041983328696 8.719465038273436 7.543466087130519e-06 -7.248670494097278e-06 1.473977965166203e-07
300479.3175023501 0.9515625 23.25041955148082 8.823624953999268 7.460593004823516e-06 -7.246531296065998e-06 1.070308543787587e-07
302206.2101316739 0.9570312499999999 23.25041928725852 8.929029132896297 7.378667043476786e-06 -7.244416546912218e-06 6.712524828228375e-08
303933.1027609978 0.9625 23.25041903952288 9.035692440773953 7.297672058958439e-06 -7.242325830689364e-06 2.76731141345379e-08
305659.9953903217 0.96796875 23.25041880724518 9.143629916091346 7.217592270918821e-06 -7.240258739057528e-06 -1.133323406935364e-08
307386.8880196455 0.9734375 23.2504185894609 9.252856775038017 7.138412255137632e-06 -7.238214872214599e-06 -4.990130853848364e-08
309113.7806489693 0.97890625 23.25041838526569 9.36338841877706 7.060116935197504e-06 -7.236193840457476e-06 -8.803845262998582e-08
310840.6732782932 0.9843749999999999 23.25041819381163 9.475240445907451 6.982691560007517e-06 -7.234195267329289e-06 -1.257518536608859e-07
312567.565907617 0.98984375 23.25041801430371 9.588428614591137 6.906121715891338e-06 -7.232218775614725e-06 -1.630485298616935e-07
314294.4585369409 0.9953124999999999 23.25041784599654 9.70296888806106 6.830393298950903e-06 -7.230264002081417e-06 -1.999353515652568e-07
316021.3511662647 1.00078125 23.25041768819122 9.818877424895266 6.755492514012096e-06 -7.228330592910786e-06 -2.364190394493452e-07
317748.2437955886 1.00625 23.25041754023247 9.936170570200002 6.681405865421918e-06 -7.226418199840692e-06 -2.725061672093869e-07
319475.1364249124 1.01171875 23.25041740150589 10.05486486982353 6.608120156122223e-06 -7.224526483844853e-06 -3.082031638613152e-07
321202.0290542363 1.0171875 23.25041727143542 10.17497705643366 6.535622464020369e-06 -7.222655109810752e-06 -3.435163228951917e-07
322928.9216835601 1.02265625 23.25041714948095 10.29652404965801 6.463900154647865e-06 -7.220803745963111e-06 -3.784517956576233e-07
324655.814312884 1.028125 23.25041703513606 10.41952301642393 6.392940836368112e-06 -7.218972081133657e-06 -4.130156223827727e-07
326382.7069422078 1.03359375 23.25041692792595 10.54399127339883 6.32273242037138e-06 -7.217159794376674e-06 -4.472136870026469e-07
328109.5995715317 1.0390625 23.25041682740541 10.66994639124338 6.253263044569107e-06 -7.215366585256093e-06 -4.810517703434927e-07
329836.4922008555 1.04453125 23.25041673315705 10.79740614298704 6.184521078680137e-06 -7.213592157321814e-06 -5.145355393208385e-07
331563.3848301794 1.05 23.2504166447895 10.92638848793897 6.116495186421653e-06 -7.211836213001332e-06 -5.476705132898394e-07
333290.2774595033 1.05546875 23.25041656193581 11.05691157673515 6.049174226663555e-06 -7.210098454734715e-06 -5.804621140355798e-07
335017.1700888271 1.0609375 23.25041648425194 11.18899389436591 5.982547297959561e-06 -7.208378622812962e-06 -6.129156624267004e-07
336744.062718151 1.06640625 23.2504164114153 11.32265402371288 5.916603711965709e-06 -7.206676429860894e-06 -6.450363589475924e-07
338470.9553474748 1.071875 23.25041634312344 11.45791079934463 5.851333037122587e-06 -7.204991602430369e-06 -6.76829282653891e-07
340197.8479767987 1.07734375 23.25041627909279 11.59478330564283 5.786724990705181e-06 -7.203323879040298e-06 -7.08299444167559e-07
341924.7406061225 1.0828125 23.25041621905745 11.7332908337468 5.722769578774253e-06 -7.201672998100202e-06 -7.394517096629747e-07
343651.6332354464 1.08828125 23.25041616276814 11.87345295597869 5.659456906689453e-06 -7.200038715798503e-06 -7.702909045545255e-07
345378.5258647702 1.09375 23.2504161099911 12.01528937655361 5.596777376216871e-06 -7.198420768287388e-06 -8.008216960352585e-07
347105.418494094 1.09921875 23.25041606050719 12.15882021062187 5.534721493172767e-06 -7.19681893908771e-06 -8.310487229574713e-07
348832.3111234179 1.1046875 23.25041601411092 12.3040655466004 5.473280061782311e-06 -7.195232952834284e-06 -8.609764455259862e-07
350559.2037527417 1.11015625 23.25041597060964 12.45104589846596 5.412443961846183e-06 -7.193662583367388e-06 -8.906093107606022e-07
352286.0963820656 1.115625 23.2504159298227 12.59978213082 5.352204277192057e-06 -7.192107632471873e-06 -9.199516776399076e-07
354012.9890113894 1.12109375 23.25041589158074 12.75029501514142 5.292552318821798e-06 -7.190567828846847e-06 -9.490077550125242e-07
355739.8816407133 1.1265625 23.25041585572497 12.90260601616452 5.233479469886892e-06 -7.189043005037196e-06 -9.777817675751521e-07
357466.7742700371 1.13203125 23.25041582210648 13.05673632175573 5.17497741530203e-06 -7.18753288070317e-06 -1.00627773270057e-06
359193.666899361 1.1375 23.25041579058569 13.21270788159593 5.117037855436496e-06 -7.186037290301633e-06 -1.034499717432568e-06
360920.5595286849 1.14296875 23.25041576103169 13.37054263147271 5.05965273509607e-06 -7.1845560126198e-06 -1.062451638761865e-06
362647.4521580087 1.1484375 23.25041573332178 13.53026283667687 5.002814157010171e-06 -7.183088844846277e-06 -1.090137343918053e-06
364374.3447873326 1.15390625 23.25041570734087 13.69189099421639 4.946514316622504e-06 -7.181635581089242e-06 -1.117560632233369e-06
366101.2374166564 1.159375 23.2504156829811 13.85544998283482 4.890745612878035e-06 -7.180196041802287e-06 -1.144725214462126e-06
367828.1300459803 1.16484375 23.2504156601413 14.02096271853789 4.835500550093965e-06 -7.178770004437285e-06 -1.17163472717166e-06
369555.0226753041 1.1703125 23.25041563872664 14.18845250689889 4.780771836642056e-06 -7.177357273719516e-06 -1.19829271853873e-06
371281.915304628 1.17578125 23.25041561864818 14.35794328412516 4.726552158507225e-06 -7.175957724299279e-06 -1.224702782896027e-06
373008.8079339518 1.18125 23.25041559982256 14.52945869684446 4.672834539955267e-06 -7.174571124839502e-06 -1.250868292442117e-06
374735.7005632757 1.18671875 23.2504155821716 14.70302296145026 4.619612041029217e-06 -7.173197302094564e-06 -1.276792630532674e-06
376462.5931925995 1.1921875 23.250415565622 14.87866041917749 4.566877838713473e-06 -7.171836056439733e-06 -1.30247910886313e-06
378189.4858219234 1.19765625 23.25041555010505 15.05639611022187 4.514625223557325e-06 -7.170487264421798e-06 -1.327931020432237e-06
379916.3784512472 1.203125 23.25041553555631 15.23625503429001 4.462847576810602e-06 -7.169150744451683e-06 -1.353151583820541e-06
381643.2710805711 1.20859375 23.25041552191537 15.41826237272118 4.411538568401372e-06 -7.16782629874823e-06 -1.378143865173429e-06
383370.1637098949 1.2140625 23.25041550912558 15.60244410914872 4.360691746690974e-06 -7.166513818028556e-06 -1.402911035668791e-06
385097.0563392187 1.21953125 23.25041549713383 15.7888258852382 4.310300936918313e-06 -7.165213085787124e-06 -1.427456074434405e-06
386823.9489685426 1.225 23.25041548589033 15.97743401316395 4.260360079116104e-06 -7.16392395025698e-06 -1.451781935570438e-06
388550.8415978665 1.23046875 23.25041547534839 16.16829522176807 4.21086322062723e-06 -7.162646278474154e-06 -1.475891528923462e-06
390277.7342271903 1.2359375 23.25041546546424 16.36143657506167 4.16180428409034e-06 -7.161379941557479e-06 -1.499787828733569e-06
392004.6268565142 1.24140625 23.25041545619682 16.55688484889783 4.113177634184549e-06 -7.160124717864006e-06 -1.523473541839729e-06
393731.519485838 1.246875 23.25041544750767 16.75466823883073 4.06497748293244e-06 -7.158880558883772e-06 -1.546951537975666e-06
395458.4121151619 1.25234375 23.25041543936069 16.95481415796216 4.017198340927089e-06 -7.157647246594712e-06 -1.570224452833812e-06
397185.3047444857 1.2578125 23.25041543172205 17.15735093025216 3.969834625386045e-06 -7.156424654928908e-06 -1.593295014771431e-06
398912.1973738096 1.26328125 23.25041542456005 17.36230696464778 3.922881050834673e-06 -7.155212622884822e-06 -1.616165786025075e-06
400639.0900031334 1.26875 23.25041541784493 17.56971141330735 3.876332117005523e-06 -7.154011050378087e-06 -1.638839466686282e-06
402365.9826324573 1.27421875 23.25041541154881 17.77959362146532 3.830182831578608e-06 -7.152819816077588e-06 -1.66131849224949e-06
404092.8752617812 1.2796875 23.25041540564556 17.99198313277477 3.784428063341639e-06 -7.151638779326865e-06 -1.683605357992613e-06
405819.767891105 1.28515625 23.25041540011064 18.20690900176351 3.739062609443792e-06 -7.150467688176257e-06 -1.705702539366232e-06
407546.6605204288 1.290625 23.25041539492109 18.42440283325009 3.694081678177021e-06 -7.149306592651348e-06 -1.727612457237163e-06
409273.5531497527 1.29609375 23.25041539005536 18.64449563634753 3.649480220818215e-06 -7.148155408211101e-06 -1.749337593696443e-06
411000.4457790765 1.3015625 23.25041538549322 18.86721680124041 3.605253489821158e-06 -7.147013793681378e-06 -1.77088015193011e-06
412727.3384084004 1.30703125 23.25041538121576 19.09259812477262 3.561397063425686e-06 -7.14588168203573e-06 -1.792242309305022e-06
414454.2310377242 1.3125 23.25041537720519 19.32067188205045 3.517906042732323e-06 -7.144759017826982e-06 -1.813426487547329e-06
416181.1236670481 1.31796875 23.25041537344487 19.55147020211946 3.474776120766221e-06 -7.143645678982722e-06 -1.834434779108251e-06
417908.0162963719 1.3234375 23.25041536991918 19.78502687890715 3.43200226069342e-06 -7.142541700538681e-06 -1.85526971992263e-06
419634.9089256958 1.32890625 23.25041536661348 20.02137194118847 3.38958077277318e-06 -7.14144661544503e-06 -1.875932921335925e-06
421361.8015550196 1.334375 23.25041536351405 20.26054079865634 3.347506895998991e-06 -7.140360564924688e-06 -1.896426834462848e-06
423088.6941843435 1.33984375 23.25041536060801 20.50256580749032 3.305776357367895e-06 -7.1392832783597e-06 -1.916753460495902e-06
424815.5868136673 1.3453125 23.25041535788331 20.74748370094909 3.264385116399011e-06 -7.138214947911417e-06 -1.936914915756203e-06
426542.4794429912 1.35078125 23.25041535532861 20.99532548804389 3.223329192235841e-06 -7.137155063930144e-06 -1.956912935847151e-06
428269.3720723151 1.35625 23.25041535293333 21.24612984738528 3.182604285154058e-06 -7.136103941233293e-06 -1.976749828039617e-06
429996.2647016389 1.36171875 23.25041535068749 21.49992866913865 3.142206527758753e-06 -7.135061090687507e-06 -1.996427281464377e-06
431723.1573309628 1.3671875 23.2504153485818 21.75676141415763 3.102131851964831e-06 -7.134026809870868e-06 -2.015947478953019e-06
433450.0499602866 1.37265625 23.25041534660749 22.01665966803646 3.062376502231571e-06 -7.133000503067681e-06 -2.035312000418055e-06
435176.9425896105 1.378125 23.25041534475637 22.2796631358716 3.022936677267588e-06 -7.1319823998506e-06 -2.054522861291506e-06
436903.8352189343 1.38359375 23.25041534302076 22.5458077043371 2.983808674942035e-06 -7.130972279032501e-06 -2.073581802045233e-06
438630.7278482582 1.3890625 23.25041534139344 22.8151347712413 2.944988815353787e-06 -7.129970435124002e-06 -2.092490809885108e-06
440357.620477582 1.39453125 23.25041533986766 23.087675387502 2.906473530583562e-06 -7.128976077977541e-06 -2.11125127369699e-06
