0.0209834 0.0235907 0.375358 
0.110091 0.0279 0.338155 
0.268498 0.0375104 0.272831 
0.493015 0.0587734 0.194384 
0.779077 0.100006 0.123517 
1.12086 0.179512 0.10044 
1.51141 0.302239 0.146195 
1.94277 0.409217 0.191676 
2.40617 0.407958 0.168606 
2.89217 0.318266 0.148085 
3.39088 0.204197 0.185932 
3.89215 0.117101 0.215028 
4.38577 0.0601584 0.190907 
4.8617 0.031047 0.156823 
5.31025 0.0146489 0.103623 
5.72231 0.00762036 0.0712702 
6.08949 0.00326862 0.0362741 
6.40437 0.00174958 0.0219338 
6.66066 0.000574835 0.00760313 
6.85365 0.000366424 0.00488164 
