0.0209812 0.0209893 9.10008e-08 6.07695e-07 
0.020992 0.110058 4.08396e-08 4.65473e-07 
0.020989 0.268438 4.64891e-07 1.9633e-06 
0.0209829 0.493078 1.74475e-07 9.81607e-07 
0.0209837 0.779429 9.18945e-07 1.62444e-06 
0.0209862 1.1211 2.14475e-06 4.07974e-06 
0.0209856 1.51068 1.06212e-05 4.09169e-05 
0.0209758 1.94337 6.03583e-05 0.0003579 
0.0209813 2.40528 0.000515336 0.00412162 
0.0209938 2.89136 0.0039857 0.0387067 
0.0209905 3.39126 0.011037 0.127676 
0.0209863 3.89224 0.0128912 0.183157 
0.0209933 4.38486 0.00928581 0.161423 
0.0209839 4.86301 0.00563708 0.121579 
0.0209916 5.3091 0.0029103 0.0747827 
0.0209898 5.7247 0.00156097 0.0471545 
0.0209928 6.08965 0.000687843 0.0230277 
0.0209769 6.40542 0.000356829 0.0129976 
0.0209802 6.65776 0.000114879 0.00435874 
0.0209825 6.85065 6.28625e-05 0.00248044 
0.110143 0.0209918 4.08396e-08 4.65473e-07 
0.110065 0.110095 4.62672e-08 4.39366e-06 
0.11012 0.268501 1.85647e-07 4.79048e-08 
0.110094 0.492788 1.65993e-07 2.79965e-06 
0.110138 0.779412 2.06385e-06 1.59402e-06 
0.110067 1.12113 3.39082e-06 3.56901e-06 
0.110075 1.51169 2.22001e-05 4.46639e-05 
0.110084 1.94351 0.00010659 0.000360216 
0.110072 2.40552 0.000866992 0.00446196 
0.110074 2.89271 0.0062757 0.0419007 
0.110101 3.39142 0.0141855 0.120226 
0.110084 3.8938 0.0146552 0.16173 
0.110126 4.38658 0.00998925 0.140516 
0.110089 4.86032 0.00588493 0.106196 
0.110137 5.30838 0.00300122 0.0658133 
0.110106 5.72192 0.00160125 0.0419301 
0.110067 6.09123 0.000705306 0.0206029 
0.110085 6.40262 0.000369967 0.0117666 
0.110066 6.66103 0.000120698 0.00397665 
0.110055 6.85643 6.9234e-05 0.00232532 
0.268397 0.0209833 4.64891e-07 1.9633e-06 
0.268628 0.110139 1.85647e-07 4.79048e-08 
0.268466 0.268565 1.48749e-06 2.18385e-06 
0.268442 0.492883 6.14369e-07 7.53612e-07 
0.268429 0.778806 4.05685e-06 1.50252e-06 
0.268397 1.12119 1.138e-05 6.24363e-06 
0.268563 1.51077 6.23153e-05 5.2524e-05 
0.268377 1.94282 0.000339464 0.000420671 
0.268428 2.40689 0.00240592 0.00516727 
0.26854 2.89353 0.0126104 0.0428393 
0.268567 3.3895 0.0206308 0.100777 
0.268503 3.89051 0.0177669 0.125413 
0.268418 4.3856 0.0111374 0.10765 
0.268517 4.86294 0.00627171 0.0825227 
0.268406 5.31291 0.00313752 0.0518971 
0.268602 5.72016 0.0016586 0.0337356 
0.268378 6.09175 0.000728903 0.016738 
0.268364 6.40708 0.000387803 0.00975151 
0.268412 6.65841 0.000128803 0.00333332 
0.268608 6.85584 8.04056e-05 0.00203824 
0.493041 0.020985 1.74475e-07 9.81607e-07 
0.493107 0.110047 1.65993e-07 2.79965e-06 
0.493142 0.268445 6.14369e-07 7.53612e-07 
0.493053 0.493201 2.85544e-06 3.05721e-06 
0.493078 0.778715 1.2189e-05 4.56422e-06 
0.493179 1.12134 4.83764e-05 1.77955e-05 
0.493178 1.51213 0.000259967 0.000107965 
0.493214 1.94371 0.00166246 0.000797128 
0.493013 2.40536 0.0106418 0.00797767 
0.493207 2.89095 0.0282501 0.0375367 
0.492891 3.39132 0.0311923 0.0701738 
0.493114 3.89144 0.0224634 0.0832826 
0.492882 4.3839 0.0127773 0.0720907 
0.492879 4.86243 0.00693608 0.0574744 
0.493247 5.30908 0.00336781 0.037122 
0.493123 5.72009 0.00177979 0.024999 
0.49306 6.0922 0.00077374 0.0125952 
0.492934 6.4066 0.000415617 0.00754703 
0.49277 6.65963 0.000137569 0.00261154 
0.493179 6.85182 8.66188e-05 0.00166382 
0.779063 0.020983 9.18945e-07 1.62444e-06 
0.779242 0.110056 2.06385e-06 1.59402e-06 
0.778719 0.268474 4.05685e-06 1.50252e-06 
0.779212 0.493083 1.2189e-05 4.56422e-06 
0.778831 0.779162 4.19001e-05 2.39163e-05 
0.779256 1.12067 0.000249803 0.000120329 
0.778845 1.51205 0.00135294 0.000629716 
0.779196 1.9423 0.00948737 0.00345061 
0.778755 2.4056 0.0381137 0.0137099 
0.779222 2.891 0.0558089 0.0277069 
0.778969 3.39114 0.0445421 0.0394134 
0.779206 3.89133 0.0275166 0.0459514 
0.778912 4.38502 0.014444 0.0415382 
0.779454 4.85928 0.00756814 0.0354461 
0.778945 5.3086 0.00358909 0.0239281 
0.779434 5.7247 0.00188863 0.0169012 
0.779232 6.08719 0.000814888 0.00870216 
0.778986 6.40613 0.000437266 0.00537518 
0.779401 6.66307 0.000142537 0.00188422 
0.779305 6.85398 8.40527e-05 0.0012507 
1.12131 0.020992 2.14475e-06 4.07974e-06 
1.12086 0.110099 3.39082e-06 3.56901e-06 
1.12061 0.268595 1.138e-05 6.24363e-06 
1.12082 0.493187 4.83764e-05 1.77955e-05 
1.12063 0.778828 0.000249803 0.000120329 
1.12112 1.12046 0.00134466 0.000682534 
1.12085 1.51192 0.00971397 0.00526683 
1.1205 1.94223 0.0529758 0.0243927 
1.12044 2.4053 0.0976361 0.036747 
1.12066 2.89342 0.0906256 0.0281889 
1.121 3.39202 0.0583152 0.0220666 
1.12086 3.89151 0.0322 0.0221259 
1.12104 4.38625 0.0160769 0.0211793 
1.12047 4.85962 0.00816479 0.0199571 
1.12103 5.30953 0.00383014 0.0144006 
1.12067 5.71997 0.00200493 0.0108509 
1.12135 6.09 0.000865141 0.00576067 
1.12104 6.40605 0.000476742 0.00368225 
1.12048 6.66321 0.000160004 0.00130569 
1.12088 6.85164 0.000111833 0.000876784 
1.5113 0.0209903 1.06212e-05 4.09169e-05 
1.51102 0.110072 2.22001e-05 4.46639e-05 
1.51162 0.268628 6.23153e-05 5.2524e-05 
1.51201 0.492835 0.000259967 0.000107965 
1.51066 0.779297 0.00135294 0.000629716 
1.5111 1.12043 0.00971397 0.00526683 
1.51174 1.51073 0.062297 0.0374203 
1.51215 1.94318 0.149461 0.083286 
1.51137 2.40705 0.165624 0.0785053 
1.5108 2.89183 0.119756 0.0411883 
1.51165 3.39193 0.0680931 0.0178761 
1.51073 3.89041 0.0355697 0.010797 
1.51183 4.38661 0.0171701 0.0102062 
1.51083 4.86213 0.00862992 0.0109864 
1.51146 5.31076 0.00399936 0.00873918 
1.51111 5.72453 0.00209974 0.00718014 
1.51091 6.09016 0.000903915 0.00397759 
1.51159 6.40499 0.000499726 0.00267573 
1.51191 6.65779 0.000167726 0.000972311 
1.51205 6.85138 0.000111171 0.000697064 
1.94224 0.0209902 6.03583e-05 0.0003579 
1.9425 0.110133 0.00010659 0.000360216 
1.94339 0.26854 0.000339464 0.000420671 
1.9423 0.493152 0.00166246 0.000797128 
1.94343 0.778927 0.00948737 0.00345061 
1.94219 1.12099 0.0529758 0.0243927 
1.94311 1.51184 0.149461 0.083286 
1.94219 1.94258 0.218501 0.122471 
1.94265 2.40553 0.19536 0.0964622 
1.94284 2.89117 0.129309 0.0447553 
1.94183 3.39048 0.0710583 0.0148098 
1.9424 3.89307 0.0365317 0.00553663 
1.94307 4.386 0.0175443 0.00559084 
1.94314 4.8632 0.00878586 0.00758526 
1.94241 5.31103 0.00407211 0.00672631 
1.94284 5.72427 0.00213627 0.00603462 
1.94305 6.0896 0.000919501 0.00347456 
1.94251 6.40578 0.0005084 0.00245025 
1.94312 6.65835 0.000169956 0.000912843 
1.94193 6.85492 0.000114294 0.000673576 
2.40646 0.0209876 0.000515336 0.00412162 
2.40497 0.110036 0.000866992 0.00446196 
2.4056 0.268539 0.00240592 0.00516727 
2.40541 0.492937 0.0106418 0.00797767 
2.40709 0.779196 0.0381137 0.0137099 
2.4071 1.12051 0.0976361 0.036747 
2.40618 1.51191 0.165624 0.0785053 
2.40715 1.94217 0.19536 0.0964622 
2.40667 2.40706 0.167506 0.0704554 
2.40675 2.89342 0.113738 0.0288082 
2.4072 3.39106 0.0647915 0.00723839 
2.40616 3.89235 0.0342846 0.00397497 
2.40689 4.38715 0.0168001 0.00683753 
2.40655 4.86411 0.0085185 0.0101507 
2.40575 5.31224 0.00398118 0.00891593 
2.4065 5.72379 0.00209403 0.00794497 
2.40688 6.08805 0.000903145 0.00456856 
2.4061 6.40224 0.000497484 0.00323078 
2.40705 6.66314 0.000166121 0.00120962 
2.40596 6.85441 0.000110637 0.000879687 
2.89259 0.0209842 0.0039857 0.0387067 
2.8924 0.110039 0.0062757 0.0419007 
2.89223 0.268587 0.0126104 0.0428393 
2.89105 0.49301 0.0282501 0.0375367 
2.89087 0.779321 0.0558089 0.0277069 
2.89257 1.12081 0.0906256 0.0281889 
2.89192 1.51103 0.119756 0.0411883 
2.89078 1.9432 0.129309 0.0447553 
2.89308 2.40637 0.113738 0.0288082 
2.89211 2.89361 0.0833855 0.00923598 
2.89094 3.39136 0.0515549 0.00633377 
2.89137 3.89106 0.0290403 0.0151345 
2.8934 4.38681 0.0148537 0.0203263 
2.892 4.8634 0.00769691 0.0225552 
2.89347 5.31237 0.00365073 0.0172876 
2.89169 5.72252 0.00191441 0.0137208 
2.89211 6.09223 0.000825943 0.00751412 
2.89329 6.40737 0.000443619 0.00497864 
2.89205 6.66252 0.000145597 0.00180798 
2.89334 6.85198 9.14455e-05 0.00122602 
3.39245 0.0209798 0.011037 0.127676 
3.39109 0.110097 0.0141855 0.120226 
3.38983 0.268492 0.0206308 0.100777 
3.3914 0.49322 0.0311923 0.0701738 
3.39124 0.779361 0.0445421 0.0394134 
3.39045 1.12052 0.0583152 0.0220666 
3.3912 1.51168 0.0680931 0.0178761 
3.38939 1.94289 0.0710583 0.0148098 
3.39001 2.40502 0.0647915 0.00723839 
3.38922 2.8934 0.0515549 0.00633377 
3.3918 3.3922 0.0348911 0.0201426 
3.38977 3.89195 0.0209232 0.0362581 
3.39188 4.38638 0.0111035 0.0384809 
3.38971 4.86069 0.00580959 0.0351143 
3.39043 5.31237 0.00276873 0.0243453 
3.3908 5.72101 0.00142428 0.0172813 
3.3896 6.09172 0.000606255 0.00893238 
3.39162 6.40709 0.00031112 0.00539413 
3.39014 6.65844 9.90563e-05 0.001857 
3.39131 6.85143 5.88555e-05 0.00115247 
3.89109 0.0209927 0.0128912 0.183157 
3.89083 0.110049 0.0146552 0.16173 
3.89273 0.268609 0.0177669 0.125413 
3.89259 0.492803 0.0224634 0.0832826 
3.89213 0.779027 0.0275166 0.0459514 
3.89115 1.12132 0.0322 0.0221259 
3.89094 1.51071 0.0355697 0.010797 
3.89337 1.94327 0.0365317 0.00553663 
3.89409 2.40506 0.0342846 0.00397497 
3.89098 2.89264 0.0290403 0.0151345 
3.89148 3.3922 0.0209232 0.0362581 
3.89153 3.8904 0.012914 0.0494422 
3.89333 4.38664 0.00690087 0.0448645 
3.89372 4.86079 0.00355998 0.0356881 
3.89136 5.31189 0.00167148 0.0227373 
3.8925 5.71975 0.000829895 0.0146323 
3.89081 6.08793 0.000343309 0.00710475 
3.89249 6.40154 0.000167255 0.00393976 
3.89388 6.6577 5.15355e-05 0.00129069 
3.89203 6.85198 2.93259e-05 0.000755838 
4.38432 0.0209851 0.00928581 0.161423 
4.38715 0.110138 0.00998925 0.140516 
4.38613 0.268559 0.0111374 0.10765 
4.38473 0.493081 0.0127773 0.0720907 
4.38365 0.779413 0.014444 0.0415382 
4.38448 1.12089 0.0160769 0.0211793 
4.38492 1.51168 0.0171701 0.0102062 
4.38552 1.94233 0.0175443 0.00559084 
4.38504 2.40549 0.0168001 0.00683753 
4.38471 2.8927 0.0148537 0.0203263 
4.38728 3.39208 0.0111035 0.0384809 
4.38499 3.8928 0.00690087 0.0448645 
4.38729 4.38467 0.00365318 0.0367229 
4.3839 4.86177 0.00184075 0.0265355 
4.38626 5.31042 0.00084436 0.0157986 
4.38778 5.72366 0.000404274 0.00943133 
4.38515 6.08671 0.000162365 0.00435005 
4.3836 6.40429 7.60346e-05 0.00227354 
4.38668 6.66279 2.29067e-05 0.000720775 
4.38563 6.85076 1.28321e-05 0.000409041 
4.86162 0.0209923 0.00563708 0.121579 
4.85968 0.110063 0.00588493 0.106196 
4.86224 0.268388 0.00627171 0.0825227 
4.86348 0.49285 0.00693608 0.0574744 
4.86295 0.779293 0.00756814 0.0354461 
4.86208 1.12113 0.00816479 0.0199571 
4.86375 1.5108 0.00862992 0.0109864 
4.86387 1.942 0.00878586 0.00758526 
4.86043 2.40692 0.0085185 0.0101507 
4.8629 2.89153 0.00769691 0.0225552 
4.86383 3.39177 0.00580959 0.0351143 
4.86404 3.89349 0.00355998 0.0356881 
4.86263 4.38558 0.00184075 0.0265355 
4.86245 4.86084 0.000898051 0.017549 
4.8599 5.30803 0.000399759 0.00978445 
4.85993 5.72322 0.000184237 0.00545126 
4.86355 6.08999 7.18126e-05 0.00239703 
4.86252 6.40456 3.24934e-05 0.00119069 
4.86385 6.66244 9.60822e-06 0.000367178 
4.85945 6.85375 5.3077e-06 0.000203955 
5.30872 0.0209824 0.0029103 0.0747827 
5.30923 0.110084 0.00300122 0.0658133 
5.31105 0.268397 0.00313752 0.0518971 
5.30804 0.493153 0.00336781 0.037122 
5.31123 0.779396 0.00358909 0.0239281 
5.30793 1.12035 0.00383014 0.0144006 
5.30854 1.51206 0.00399936 0.00873918 
5.30966 1.94296 0.00407211 0.00672631 
5.31132 2.40627 0.00398118 0.00891593 
5.31196 2.8924 0.00365073 0.0172876 
5.30877 3.39186 0.00276873 0.0243453 
5.30962 3.89058 0.00167148 0.0227373 
5.30965 4.38685 0.00084436 0.0157986 
5.31211 4.86331 0.000399759 0.00978445 
5.31097 5.31034 0.000173205 0.00518875 
5.31026 5.72276 7.73272e-05 0.0027452 
5.30775 6.09105 2.94322e-05 0.00116497 
5.30833 6.40209 1.29648e-05 0.000557197 
5.31172 6.66295 3.77802e-06 0.000168274 
5.30857 6.85479 2.07467e-06 9.17347e-05 
5.72005 0.0209915 0.00156097 0.0471545 
5.72219 0.110066 0.00160125 0.0419301 
5.72109 0.26854 0.0016586 0.0337356 
5.72072 0.493018 0.00177979 0.024999 
5.7248 0.778798 0.00188863 0.0169012 
5.72266 1.12102 0.00200493 0.0108509 
5.72078 1.51167 0.00209974 0.00718014 
5.72421 1.94338 0.00213627 0.00603462 
5.71961 2.40639 0.00209403 0.00794497 
5.72382 2.89297 0.00191441 0.0137208 
5.71988 3.39217 0.00142428 0.0172813 
5.72047 3.8916 0.000829895 0.0146323 
5.72161 4.38642 0.000404274 0.00943133 
5.72131 4.86349 0.000184237 0.00545126 
5.72004 5.31188 7.73272e-05 0.0027452 
5.72173 5.72154 3.32696e-05 0.00137306 
5.721 6.0901 1.23085e-05 0.000559723 
5.7246 6.40394 5.23738e-06 0.000254873 
5.72331 6.6604 1.4964e-06 7.47347e-05 
5.72112 6.85176 8.1225e-07 3.96756e-05 
6.08996 0.0209792 0.000687843 0.0230277 
6.09101 0.110089 0.000705306 0.0206029 
6.08762 0.268594 0.000728903 0.016738 
6.08823 0.492859 0.00077374 0.0125952 
6.09193 0.778912 0.000814888 0.00870216 
6.09041 1.12107 0.000865141 0.00576067 
6.08672 1.5121 0.000903915 0.00397759 
6.08714 1.94348 0.000919501 0.00347456 
6.0925 2.40626 0.000903145 0.00456856 
6.08928 2.89312 0.000825943 0.00751412 
6.09078 3.39056 0.000606255 0.00893238 
6.09155 3.8908 0.000343309 0.00710475 
6.08842 4.3851 0.000162365 0.00435005 
6.08923 4.86238 7.18126e-05 0.00239703 
6.08925 5.31047 2.94322e-05 0.00116497 
6.08808 5.72054 1.23085e-05 0.000559723 
6.08915 6.08789 4.45749e-06 0.000221548 
6.08778 6.40341 1.84108e-06 9.70436e-05 
6.08904 6.65962 5.16636e-07 2.77789e-05 
6.08702 6.85577 2.77552e-07 1.43851e-05 
6.40749 0.0209838 0.000356829 0.0129976 
6.40232 0.110075 0.000369967 0.0117666 
6.40664 0.268547 0.000387803 0.00975151 
6.40365 0.492837 0.000415617 0.00754703 
6.40183 0.779155 0.000437266 0.00537518 
6.40187 1.12127 0.000476742 0.00368225 
6.40631 1.51113 0.000499726 0.00267573 
6.40409 1.94284 0.0005084 0.00245025 
6.40738 2.40728 0.000497484 0.00323078 
6.4013 2.89088 0.000443619 0.00497864 
6.40693 3.38932 0.00031112 0.00539413 
6.40235 3.89106 0.000167255 0.00393976 
6.40516 4.3839 7.60346e-05 0.00227354 
6.40379 4.8615 3.24934e-05 0.00119069 
6.40652 5.31059 1.29648e-05 0.000557197 
6.40632 5.72329 5.23738e-06 0.000254873 
6.40734 6.08934 1.84108e-06 9.70436e-05 
6.40347 6.40713 7.32047e-07 4.00758e-05 
6.40183 6.66333 2.01335e-07 1.10366e-05 
6.4024 6.85653 1.11682e-07 5.51345e-06 
6.65792 0.0209901 0.000114879 0.00435874 
6.66072 0.110036 0.000120698 0.00397665 
6.65924 0.268532 0.000128803 0.00333332 
6.66231 0.492786 0.000137569 0.00261154 
6.65966 0.779366 0.000142537 0.00188422 
6.66101 1.12106 0.000160004 0.00130569 
6.66148 1.51162 0.000167726 0.000972311 
6.65738 1.94374 0.000169956 0.000912843 
6.66349 2.40521 0.000166121 0.00120962 
6.66266 2.89157 0.000145597 0.00180798 
6.66219 3.39048 9.90563e-05 0.001857 
6.66198 3.89366 5.15355e-05 0.00129069 
6.66323 4.38435 2.29067e-05 0.000720775 
6.65832 4.86377 9.60822e-06 0.000367178 
6.66312 5.30906 3.77802e-06 0.000168274 
6.65836 5.72419 1.4964e-06 7.47347e-05 
6.65808 6.0892 5.16636e-07 2.77789e-05 
6.66096 6.40413 2.01335e-07 1.10366e-05 
6.66339 6.6599 5.48078e-08 2.96647e-06 
6.65849 6.85151 3.17879e-08 1.45464e-06 
6.85269 0.0209921 6.28625e-05 0.00248044 
6.85274 0.110104 6.9234e-05 0.00232532 
6.85282 0.268498 8.04056e-05 0.00203824 
6.85034 0.493089 8.66188e-05 0.00166382 
6.85497 0.779092 8.40527e-05 0.0012507 
6.85187 1.12106 0.000111833 0.000876784 
6.8534 1.51185 0.000111171 0.000697064 
6.85245 1.94245 0.000114294 0.000673576 
6.85147 2.40556 0.000110637 0.000879687 
6.85117 2.89194 9.14455e-05 0.00122602 
6.85286 3.39182 5.88555e-05 0.00115247 
6.85031 3.89077 2.93259e-05 0.000755838 
6.85386 4.38587 1.28321e-05 0.000409041 
6.85176 4.8619 5.3077e-06 0.000203955 
6.856 5.30885 2.07467e-06 9.17347e-05 
6.85529 5.72217 8.1225e-07 3.96756e-05 
6.8534 6.09218 2.77552e-07 1.43851e-05 
6.85461 6.40288 1.11682e-07 5.51345e-06 
6.85212 6.66031 3.17879e-08 1.45464e-06 
6.85229 6.85424 2.83484e-08 7.19065e-07 
