1 0.00307189 0.00307189 0.00435624 0.00435624 0.00612976 0.00612976 5.25964e-05 5.25964e-05 0.000884398 0.000884398 
2 0.00797009 0.011042 0.0110203 0.0153765 0.0154653 0.0215951 0.000132329 0.000184925 0.00221596 0.00310036 
3 0.0122087 0.0232507 0.0161095 0.031486 0.0224942 0.0440893 0.000191464 0.000376389 0.00318158 0.00628193 
4 0.0154644 0.038715 0.0190315 0.0505175 0.0263731 0.0704624 0.000222695 0.000599084 0.00365718 0.00993912 
5 0.0166407 0.0553558 0.0188008 0.0693183 0.0258061 0.0962685 0.000215724 0.000814809 0.00349011 0.0134292 
6 0.0205912 0.075947 0.0210057 0.090324 0.0284961 0.124765 0.00023526 0.00105007 0.00373572 0.0171649 
7 0.0245862 0.100533 0.0218139 0.112138 0.0291026 0.153867 0.000236005 0.00128607 0.00364719 0.0208121 
8 0.0253571 0.12589 0.0190322 0.13117 0.0248616 0.178729 0.000197049 0.00148312 0.00293944 0.0237516 
9 0.0285335 0.154424 0.0177001 0.14887 0.0225357 0.201265 0.000173622 0.00165675 0.00247646 0.026228 
10 0.0334864 0.18791 0.0161029 0.164973 0.0197489 0.221013 0.00014583 0.00180258 0.00194027 0.0281683 
11 0.0341556 0.222066 0.0119083 0.176881 0.0138453 0.234859 9.59969e-05 0.00189857 0.00114466 0.029313 
12 0.0343729 0.256439 0.00832158 0.185203 0.00901279 0.243872 5.71784e-05 0.00195575 0.000574981 0.0298879 
13 0.0431841 0.299623 0.00652548 0.191728 0.00630914 0.250181 3.42093e-05 0.00198996 0.000239495 0.0301274 
14 0.0453813 0.345004 0.00363155 0.19536 0.00284851 0.253029 1.08518e-05 0.00200081 1.87911e-05 0.0301462 
15 0.0494989 0.394503 0.00202365 0.197384 0.00113289 0.254162 1.79736e-06 0.00200261 1.81198e-05 0.0301644 
16 0.0676494 0.462152 0.000772345 0.198156 8.5459e-05 0.254247 1.57056e-06 0.00200418 0.000272121 0.0304365 
17 0.0542378 0.51639 3.24541e-05 0.198188 0.000211961 0.254459 1.03275e-05 0.00201451 0.000528698 0.0309652 
18 0.0768216 0.593212 0.000143427 0.198332 0.00154163 0.256001 3.35553e-05 0.00204806 0.00121295 0.0321781 
19 0.0545585 0.64777 0.000884396 0.199216 0.0030736 0.259075 4.65109e-05 0.00209457 0.00131382 0.0334919 
20 0.0674354 0.715206 0.00256655 0.201783 0.00659412 0.265669 8.51882e-05 0.00217976 0.00209975 0.0355917 
21 0.0387935 0.753999 0.00323245 0.205015 0.00662644 0.272295 7.38611e-05 0.00225362 0.00156677 0.0371585 
22 0.0506312 0.80463 0.00757404 0.212589 0.0134954 0.285791 0.00013503 0.00238865 0.00252352 0.039682 
23 0.03372 0.83835 0.0075015 0.220091 0.0122171 0.298008 0.000113105 0.00250176 0.00190881 0.0415908 
24 0.0170866 0.855437 0.00689501 0.226986 0.00990602 0.307914 8.12693e-05 0.00258303 0.00114624 0.042737 
25 0.0249058 0.880343 0.0164675 0.243453 0.0215904 0.329504 0.000160531 0.00274356 0.00191432 0.0446513 
26 0.0341417 0.914485 0.0281345 0.271588 0.0353484 0.364853 0.00025028 0.00299384 0.00272433 0.0473757 
27 0.0310769 0.945561 0.0297194 0.301307 0.0359805 0.400833 0.000243803 0.00323764 0.00243569 0.0498114 
28 0.0207545 0.966316 0.0227334 0.324041 0.0262662 0.427099 0.000168075 0.00340571 0.00149245 0.0513038 
29 0.0113662 0.977682 0.0148329 0.338874 0.015826 0.442925 9.1298e-05 0.00349701 0.000638711 0.0519425 
30 0.00623139 0.983914 0.0101995 0.349073 0.00961648 0.452542 4.63346e-05 0.00354335 0.000190612 0.0521331 
31 0.00412638 0.98804 0.00912361 0.358197 0.00716258 0.459704 2.49694e-05 0.00356832 1.52881e-05 0.0521484 
32 0.00270116 0.990741 0.00831656 0.366513 0.0052424 0.464947 1.08193e-05 0.00357914 3.10354e-05 0.0521795 
33 0.0020755 0.992817 0.0090794 0.375593 0.00446056 0.469407 3.55251e-06 0.00358269 0.000238544 0.052418 
34 0.00150445 0.994321 0.00944517 0.385038 0.00351881 0.472926 1.58054e-07 0.00358285 0.000627469 0.0530455 
35 0.00113854 0.99546 0.0103824 0.39542 0.00283774 0.475764 1.23173e-06 0.00358408 0.00125148 0.054297 
36 0.000900486 0.99636 0.0116857 0.407106 0.00231578 0.47808 6.7114e-06 0.00359079 0.00209232 0.0563893 
37 0.000683513 0.997044 0.0124556 0.419561 0.00174381 0.479823 1.58592e-05 0.00360665 0.00297683 0.0593661 
38 0.000720248 0.997764 0.0177727 0.437334 0.0017437 0.481567 3.68047e-05 0.00364345 0.00521438 0.0645805 
39 0.000558161 0.998322 0.0173234 0.454658 0.00122135 0.482789 4.85188e-05 0.00369197 0.00580267 0.0703832 
40 0.000423974 0.998746 0.0166865 0.471344 0.000760823 0.483549 6.14894e-05 0.00375346 0.00630349 0.0766867 
41 0.000277476 0.999023 0.0141705 0.485515 0.000336539 0.483886 6.79645e-05 0.00382143 0.00599551 0.0826822 
42 0.000232496 0.999256 0.0158258 0.50134 0.00012336 0.484009 9.72471e-05 0.00391867 0.00742995 0.0901121 
43 0.000214218 0.99947 0.0181278 0.519468 2.47907e-05 0.484034 0.000131596 0.00405027 0.00908188 0.099194 
44 0.000163894 0.999634 0.0169751 0.536443 3.65941e-06 0.484038 0.000142721 0.00419299 0.0089312 0.108125 
45 0.000113247 0.999747 0.0145615 0.551005 8.1461e-05 0.484119 0.00014223 0.00433522 0.00797328 0.116098 
46 8.46702e-05 0.999832 0.0134075 0.564412 0.000250153 0.484369 0.00015004 0.00448526 0.00753775 0.123636 
47 4.25248e-05 0.999874 0.00886189 0.573274 0.000436876 0.484806 0.000116981 0.00460224 0.00507378 0.12871 
48 2.8486e-05 0.999903 0.00868077 0.581955 0.000969274 0.485775 0.000138645 0.00474089 0.00501066 0.133721 
49 2.59198e-05 0.999929 0.0111396 0.593095 0.00203451 0.48781 0.00020459 0.00494548 0.00639059 0.140111 
50 1.97473e-05 0.999949 0.0113318 0.604426 0.00285948 0.490669 0.000229888 0.00517536 0.00638133 0.146493 
51 1.04607e-05 0.999959 0.00870095 0.613127 0.00306637 0.493736 0.000196476 0.00537184 0.00470619 0.151199 
52 6.85625e-06 0.999966 0.00935221 0.622479 0.00457665 0.498312 0.000235876 0.00560772 0.00474459 0.155943 
53 6.48609e-06 0.999972 0.0133925 0.635872 0.00804355 0.506356 0.000362198 0.00596991 0.00639982 0.162343 
54 6.05654e-06 0.999978 0.0174923 0.653364 0.0120416 0.518398 0.000494015 0.00646393 0.00788321 0.170226 
55 4.11095e-06 0.999983 0.0163214 0.669686 0.0125816 0.530979 0.00047514 0.00693907 0.00685341 0.17708 
56 3.53511e-06 0.999986 0.0194377 0.689123 0.0165771 0.547556 0.000578122 0.00751719 0.00749025 0.18457 
57 2.79323e-06 0.999989 0.0202609 0.709384 0.0186597 0.566216 0.000608631 0.00812582 0.00714424 0.191714 
58 2.19008e-06 0.999991 0.0213786 0.730763 0.021214 0.58743 0.000643426 0.00876925 0.00671958 0.198434 
59 1.64925e-06 0.999993 0.0210715 0.751834 0.0222332 0.609663 0.000630023 0.00939927 0.00584086 0.204275 
60 1.55586e-06 0.999994 0.0257138 0.777548 0.0286306 0.638294 0.000757909 0.0101572 0.00617126 0.210446 
61 1.30789e-06 0.999996 0.0264648 0.804013 0.0306713 0.668965 0.000764466 0.0109216 0.00549863 0.215945 
62 1.21561e-06 0.999997 0.0295403 0.833553 0.0354691 0.704434 0.00082904 0.0117507 0.00516975 0.221114 
63 1.12325e-06 0.999998 0.0311452 0.864698 0.0383833 0.742818 0.000845538 0.0125962 0.00457428 0.225689 
64 7.01976e-07 0.999999 0.0218247 0.886523 0.0275702 0.770388 0.000564486 0.0131607 0.00252154 0.22821 
65 4.06662e-07 0.999999 0.014578 0.901101 0.0190433 0.789431 0.000344408 0.0135051 0.00104654 0.229257 
66 2.55273e-07 0.999999 0.0108136 0.911915 0.0147199 0.804151 0.000221043 0.0137262 0.000293928 0.229551 
67 1.76991e-07 1 0.0090135 0.920928 0.0128503 0.817002 0.000149508 0.0138757 1.02532e-05 0.229561 
68 1.49162e-07 1 0.00913873 0.930067 0.013651 0.830653 0.000115157 0.0139908 0.000119241 0.22968 
69 1.00564e-07 1 0.00725064 0.937318 0.0112996 0.841952 6.5136e-05 0.014056 0.000509471 0.23019 
70 5.92693e-08 1 0.00524776 0.942565 0.00863505 0.850587 2.51438e-05 0.0140811 0.00120462 0.231394 
71 4.99946e-08 1 0.00539594 0.947961 0.00934557 0.859933 9.69825e-06 0.0140908 0.00263045 0.234025 
72 3.7476e-08 1 0.00475359 0.952715 0.00858529 0.868518 1.52254e-06 0.0140923 0.00378727 0.237812 
73 2.43019e-08 1 0.00369192 0.956407 0.00699011 0.875508 5.96175e-07 0.0140929 0.0047028 0.242515 
74 1.93435e-08 1 0.00369431 0.960101 0.00741307 0.882921 1.0782e-05 0.0141037 0.00765447 0.250169 
75 1.57668e-08 1 0.00369885 0.9638 0.007806 0.890727 3.23307e-05 0.014136 0.0110426 0.261212 
76 1.13269e-08 1 0.00331006 0.96711 0.00736229 0.89809 6.38493e-05 0.0141999 0.0138914 0.275103 
77 7.62783e-09 1 0.00276455 0.969875 0.00646295 0.904553 9.58656e-05 0.0142958 0.0155481 0.290651 
78 5.11238e-09 1 0.00242851 0.972303 0.00602172 0.910574 0.000148624 0.0144444 0.0186999 0.309351 
79 4.1039e-09 1 0.0025524 0.974855 0.00667715 0.917251 0.000242102 0.0146865 0.0254988 0.33485 
80 3.04799e-09 1 0.00245878 0.977314 0.00674408 0.923995 0.000330352 0.0150168 0.030425 0.365275 
81 2.84084e-09 1 0.00290085 0.980215 0.00827651 0.932272 0.000511301 0.0155281 0.0424793 0.407754 
82 2.36555e-09 1 0.00295131 0.983166 0.00869044 0.940962 0.000644414 0.0161725 0.0492061 0.45696 
83 2.18294e-09 1 0.00320041 0.986367 0.00965794 0.95062 0.000828609 0.0170012 0.058873 0.515833 
84 1.56889e-09 1 0.00263739 0.989004 0.00812598 0.958746 0.000797211 0.0177984 0.0526702 0.568504 
85 1.20262e-09 1 0.00231784 0.991322 0.00729273 0.966039 0.000829297 0.0186277 0.0502381 0.618742 
86 8.14654e-10 1 0.00177609 0.993098 0.00569776 0.971737 0.00075388 0.0193815 0.0414919 0.660234 
87 5.34137e-10 1 0.00132822 0.994426 0.0043533 0.97609 0.00069139 0.0200729 0.0336653 0.693899 
88 3.75602e-10 1 0.00105946 0.995486 0.00354705 0.979637 0.000683471 0.0207564 0.0290697 0.722969 
89 2.09927e-10 1 0.000682204 0.996168 0.00234151 0.981979 0.000571909 0.0213283 0.0204909 0.743459 
90 1.51035e-10 1 0.000582411 0.99675 0.00206035 0.984039 0.000668413 0.0219967 0.0194535 0.762913 
91 1.18509e-10 1 0.000529726 0.99728 0.00192368 0.985963 0.000794798 0.0227915 0.0193285 0.782241 
92 7.81935e-11 1 0.000407774 0.997688 0.00152265 0.987485 0.000813548 0.0236051 0.0162799 0.798521 
93 5.03981e-11 1 0.000316852 0.998005 0.00122382 0.988709 0.000884809 0.0244899 0.0140322 0.812554 
94 4.34913e-11 1 0.000324682 0.998329 0.00129293 0.990002 0.00121361 0.0257035 0.0157084 0.828262 
95 3.69459e-11 1 0.00031856 0.998648 0.00130179 0.991304 0.00152413 0.0272276 0.0165308 0.844793 
96 2.85287e-11 1 0.00027763 0.998926 0.00116081 0.992465 0.00166556 0.0288932 0.0152504 0.860043 
97 1.70082e-11 1 0.000186484 0.999112 0.000799272 0.993264 0.00144375 0.0303369 0.0108219 0.870865 
98 1.04106e-11 1 0.000131548 0.999244 0.000582107 0.993846 0.00141045 0.0317474 0.00812699 0.878992 
99 7.25451e-12 1 0.000106212 0.99935 0.000486836 0.994333 0.00160212 0.0333495 0.00697092 0.885963 
100 5.05627e-12 1 8.54227e-05 0.999435 0.000406096 0.994739 0.00179816 0.0351477 0.00591586 0.891879 
101 3.13693e-12 1 6.18753e-05 0.999497 0.000306809 0.995046 0.00186326 0.0370109 0.00451244 0.896391 
102 2.13714e-12 1 5.05659e-05 0.999548 0.000263893 0.99531 0.00225677 0.0392677 0.00388366 0.900275 
103 1.64769e-12 1 4.687e-05 0.999595 0.000257813 0.995568 0.00300902 0.0422767 0.00375536 0.90403 
104 1.18396e-12 1 4.04571e-05 0.999635 0.000234777 0.995802 0.00363965 0.0459164 0.00334308 0.907373 
105 7.78978e-13 1 3.24914e-05 0.999668 0.000200038 0.996002 0.00410955 0.0500259 0.00273943 0.910113 
106 5.61543e-13 1 2.90218e-05 0.999697 0.000190303 0.996193 0.00510926 0.0551352 0.00246445 0.912577 
107 4.389e-13 1 2.8228e-05 0.999725 0.000197151 0.99639 0.00673217 0.0618673 0.00237711 0.914954 
108 3.30866e-13 1 2.59791e-05 0.999751 0.000192103 0.996582 0.00800777 0.0698751 0.00213497 0.917089 
109 2.57275e-13 1 2.4839e-05 0.999776 0.000194842 0.996777 0.00983531 0.0797104 0.00195059 0.91904 
110 1.75218e-13 1 2.04278e-05 0.999796 0.000169199 0.996946 0.0100776 0.089788 0.00150369 0.920544 
111 1.14523e-13 1 1.67299e-05 0.999813 0.000147831 0.997094 0.0105781 0.100366 0.00110617 0.92165 
112 8.77365e-14 1 1.62415e-05 0.999829 0.000153219 0.997247 0.013012 0.113378 0.000929364 0.922579 
113 7.40594e-14 1 1.70298e-05 0.999846 0.000170251 0.997417 0.0166636 0.130042 0.000822389 0.923402 
114 5.16298e-14 1 1.44412e-05 0.999861 0.000152101 0.997569 0.0168158 0.146858 0.000568494 0.92397 
115 3.60505e-14 1 1.24163e-05 0.999873 0.000138159 0.997708 0.0172671 0.164125 0.000366577 0.924337 
116 2.61077e-14 1 1.08578e-05 0.999884 0.000126889 0.997834 0.0176103 0.181735 0.000226364 0.924563 
117 2.06355e-14 1 1.03883e-05 0.999894 0.000127491 0.997962 0.019565 0.2013 0.000133274 0.924696 
118 1.65617e-14 1 1.01618e-05 0.999904 0.000131105 0.998093 0.0222104 0.22351 6.06985e-05 0.924757 
119 1.11842e-14 1 8.54764e-06 0.999913 0.000116468 0.998209 0.0218912 0.245401 9.19627e-06 0.924766 
120 7.73832e-15 1 7.51851e-06 0.99992 0.000108486 0.998318 0.0226291 0.268031 2.81592e-06 0.924769 
121 5.98327e-15 1 7.44299e-06 0.999928 0.000113536 0.998431 0.0260794 0.29411 4.22701e-05 0.924811 
122 4.74358e-15 1 7.41528e-06 0.999935 0.000118746 0.99855 0.0295811 0.323691 0.000124201 0.924935 
123 4.17381e-15 1 8.06793e-06 0.999943 0.000134911 0.998685 0.0360559 0.359747 0.000268681 0.925204 
124 3.45347e-15 1 7.92919e-06 0.999951 0.000137269 0.998822 0.0387902 0.398537 0.000418569 0.925623 
125 2.663e-15 1 7.08314e-06 0.999958 0.000126402 0.998949 0.0375122 0.436049 0.000539215 0.926162 
126 1.77003e-15 1 5.39954e-06 0.999964 9.92602e-05 0.999048 0.0309151 0.466965 0.000574551 0.926736 
127 1.22614e-15 1 4.30083e-06 0.999968 8.16042e-05 0.99913 0.0267622 0.493727 0.000637964 0.927374 
128 8.50595e-16 1 3.49154e-06 0.999972 6.8742e-05 0.999198 0.0239347 0.517661 0.000739336 0.928114 
129 6.08404e-16 1 2.96386e-06 0.999975 6.0802e-05 0.999259 0.0226039 0.540265 0.000898372 0.929012 
130 4.2387e-16 1 2.43918e-06 0.999977 5.21136e-05 0.999311 0.0206423 0.560907 0.00102016 0.930032 
131 2.70259e-16 1 1.85657e-06 0.999979 4.14292e-05 0.999353 0.0175326 0.57844 0.00106309 0.931095 
132 1.82196e-16 1 1.56568e-06 0.99998 3.68535e-05 0.99939 0.0168637 0.595304 0.00126793 0.932363 
133 1.39017e-16 1 1.56716e-06 0.999982 3.91783e-05 0.999429 0.019495 0.614799 0.00179722 0.934161 
134 1.08001e-16 1 1.58956e-06 0.999984 4.1951e-05 0.999471 0.0224263 0.637225 0.00241771 0.936578 
135 8.02039e-17 1 1.56235e-06 0.999985 4.34306e-05 0.999514 0.024794 0.662019 0.00304888 0.939627 
136 7.35351e-17 1 1.83389e-06 0.999987 5.31478e-05 0.999567 0.0319214 0.693941 0.00431676 0.943944 
137 6.32127e-17 1 1.94254e-06 0.999989 5.81827e-05 0.999626 0.0363408 0.730281 0.00527213 0.949216 
138 5.48597e-17 1 2.0009e-06 0.999991 6.15074e-05 0.999687 0.0396033 0.769885 0.00605942 0.955275 
139 4.10632e-17 1 1.73486e-06 0.999993 5.45165e-05 0.999742 0.0360128 0.805897 0.00575967 0.961035 
140 2.71098e-17 1 1.31512e-06 0.999994 4.21925e-05 0.999784 0.0285506 0.834448 0.00475892 0.965794 
141 1.67331e-17 1 9.39672e-07 0.999995 3.08147e-05 0.999815 0.0213857 0.855834 0.0037215 0.969515 
142 1.20296e-17 1 7.92394e-07 0.999996 2.65983e-05 0.999841 0.0189591 0.874793 0.00345019 0.972966 
143 9.77153e-18 1 7.58231e-07 0.999996 2.60482e-05 0.999867 0.0190601 0.893853 0.00362157 0.976587 
144 7.45858e-18 1 6.82878e-07 0.999997 2.39955e-05 0.999891 0.0180075 0.91186 0.00356459 0.980152 
145 6.09359e-18 1 6.44915e-07 0.999998 2.30996e-05 0.999914 0.0177073 0.929568 0.00362618 0.983778 
146 4.70773e-18 1 5.66302e-07 0.999998 2.06229e-05 0.999935 0.0161004 0.945668 0.00339424 0.987172 
147 3.52504e-18 1 4.74446e-07 0.999999 1.75295e-05 0.999952 0.0139053 0.959573 0.00300643 0.990179 
148 2.16231e-18 1 3.24631e-07 0.999999 1.21659e-05 0.999965 0.00980314 0.969377 0.00217298 0.992352 
149 1.27293e-18 1 2.15012e-07 0.999999 8.18336e-06 0.999973 0.00670779 0.976084 0.00152787 0.99388 
150 7.6731e-19 1 1.47739e-07 0.999999 5.71978e-06 0.999978 0.00477763 0.980862 0.00112124 0.995001 
151 5.54141e-19 1 1.21864e-07 1 4.799e-06 0.999983 0.00408408 0.984946 0.000987067 0.995988 
152 3.9576e-19 1 9.76728e-08 1 3.9024e-06 0.999987 0.00337395 0.98832 0.000835851 0.996824 
153 3.00955e-19 1 8.23691e-08 1 3.33358e-06 0.999991 0.00292284 0.991243 0.00074011 0.997564 
154 2.10629e-19 1 6.3712e-08 1 2.61066e-06 0.999993 0.00232012 0.993563 0.000600004 0.998164 
155 1.37235e-19 1 4.60831e-08 1 1.91295e-06 0.999995 0.00172426 0.995287 0.000455879 0.99862 
156 8.45134e-20 1 3.16304e-08 1 1.33071e-06 0.999996 0.00121712 0.996504 0.000329255 0.998949 
157 5.23546e-20 1 2.20413e-08 1 9.40838e-07 0.999997 0.00087424 0.997379 0.000242438 0.999191 
158 3.83029e-20 1 1.80737e-08 1 7.82194e-07 0.999998 0.000737822 0.998116 0.000209482 0.999401 
159 2.70821e-20 1 1.40274e-08 1 6.13988e-07 0.999999 0.000586347 0.998703 0.000169744 0.999571 
160 1.57887e-20 1 8.97441e-09 1 3.97238e-07 0.999999 0.000384043 0.999087 0.000113381 0.999684 
161 9.3565e-21 1 5.85614e-09 1 2.62332e-07 0.999999 0.000256996 0.999344 7.75198e-05 0.999762 
162 6.5443e-21 1 4.48404e-09 1 2.03145e-07 1 0.000201533 0.999545 6.20698e-05 0.999824 
163 3.6133e-21 1 2.67697e-09 1 1.22544e-07 1 0.000123017 0.999668 3.86618e-05 0.999862 
164 1.84286e-21 1 1.49056e-09 1 6.90592e-08 1 7.03036e-05 0.999739 2.26501e-05 0.999885 
165 9.86357e-22 1 8.845e-10 1 4.15984e-08 1 4.3106e-05 0.999782 1.43426e-05 0.999899 
166 6.20118e-22 1 6.34015e-10 1 3.04017e-08 1 3.22416e-05 0.999814 1.11933e-05 0.99991 
167 4.01299e-22 1 4.71362e-10 1 2.31221e-08 1 2.5198e-05 0.999839 9.19552e-06 0.99992 
168 2.84101e-22 1 3.88182e-10 1 1.95017e-08 1 2.18669e-05 0.999861 8.40434e-06 0.999928 
169 2.07946e-22 1 3.27559e-10 1 1.68395e-08 1 1.94067e-05 0.99988 7.83649e-06 0.999936 
170 1.4306e-22 1 2.68544e-10 1 1.41456e-08 1 1.67792e-05 0.999897 7.13347e-06 0.999943 
171 9.09995e-23 1 2.03069e-10 1 1.09647e-08 1 1.33916e-05 0.999911 5.99409e-06 0.999949 
172 5.96665e-23 1 1.64035e-10 1 9.10412e-09 1 1.14827e-05 0.999922 5.43414e-06 0.999954 
173 4.33535e-23 1 1.41818e-10 1 8.08349e-09 1 1.05136e-05 0.999933 5.24162e-06 0.99996 
174 3.03986e-23 1 1.19673e-10 1 7.00563e-09 1 9.3927e-06 0.999942 4.92476e-06 0.999965 
175 2.25094e-23 1 1.04488e-10 1 6.26656e-09 1 8.63316e-06 0.999951 4.73067e-06 0.999969 
176 1.77669e-23 1 9.54935e-11 1 5.84484e-09 1 8.23594e-06 0.999959 4.67845e-06 0.999974 
177 1.57157e-23 1 9.34779e-11 1 5.82316e-09 1 8.36578e-06 0.999967 4.89935e-06 0.999979 
178 1.36221e-23 1 8.93246e-11 1 5.64847e-09 1 8.24883e-06 0.999976 4.95615e-06 0.999984 
179 9.37521e-24 1 6.54553e-11 1 4.19451e-09 1 6.21513e-06 0.999982 3.81985e-06 0.999988 
180 5.90149e-24 1 4.7853e-11 1 3.10895e-09 1 4.6762e-06 0.999986 2.94204e-06 0.999991 
181 3.87467e-24 1 3.45604e-11 1 2.27722e-09 1 3.47825e-06 0.99999 2.24141e-06 0.999993 
182 2.63713e-24 1 2.75239e-11 1 1.8382e-09 1 2.84923e-06 0.999993 1.87853e-06 0.999995 
183 1.74953e-24 1 1.92378e-11 1 1.30116e-09 1 2.04483e-06 0.999995 1.3775e-06 0.999996 
184 8.75281e-25 1 1.30375e-11 1 8.92992e-10 1 1.42286e-06 0.999996 9.79414e-07 0.999997 
185 5.50988e-25 1 8.32569e-12 1 5.77837e-10 1 9.34113e-07 0.999997 6.57758e-07 0.999998 
186 2.5479e-25 1 5.27236e-12 1 3.70674e-10 1 6.07758e-07 0.999998 4.37578e-07 0.999998 
187 1.50047e-25 1 4.17139e-12 1 2.96992e-10 1 4.93725e-07 0.999998 3.63271e-07 0.999999 
188 3.2525e-26 1 3.52982e-12 1 2.54789e-10 1 4.29981e-07 0.999999 3.23906e-07 0.999999 
189 9.50826e-27 1 2.60764e-12 1 1.90935e-10 1 3.27297e-07 0.999999 2.52658e-07 0.999999 
190 5.64433e-28 1 1.95818e-12 1 1.45447e-10 1 2.53248e-07 0.999999 2.00324e-07 0.999999 
191 6.34146e-27 1 1.52459e-12 1 1.14809e-10 1 2.0292e-07 0.999999 1.64307e-07 1 
192 1.80689e-27 1 1.13542e-12 1 8.65443e-11 1 1.54997e-07 1 1.28115e-07 1 
193 6.8314e-27 1 7.50031e-13 1 5.78209e-11 1 1.04847e-07 1 8.83639e-08 1 
194 1.37542e-27 1 5.05048e-13 1 3.94412e-11 1 7.25398e-08 1 6.25142e-08 1 
195 1.6796e-26 1 3.8999e-13 1 3.08826e-11 1 5.76729e-08 1 5.09108e-08 1 
196 8.54437e-27 1 2.55326e-13 1 2.05086e-11 1 3.89027e-08 1 3.51973e-08 1 
197 2.02482e-26 1 1.7699e-13 1 1.44514e-11 1 2.79099e-08 1 2.59738e-08 1 
198 1.92494e-27 1 1.31547e-13 1 1.09248e-11 1 2.14925e-08 1 2.05854e-08 1 
199 2.61924e-27 1 1.01026e-13 1 8.52344e-12 1 1.70563e-08 1 1.67712e-08 1 
200 1.19093e-30 1 9.13552e-14 1 7.81651e-12 1 1.58788e-08 1 1.59761e-08 1 
201 5.01663e-27 1 7.56465e-14 1 6.55518e-12 1 1.34975e-08 1 1.38608e-08 1 
202 1.07501e-27 1 5.31784e-14 1 4.67017e-12 1 9.75248e-09 1 1.02291e-08 1 
203 1.33961e-26 1 3.61538e-14 1 3.22262e-12 1 6.83452e-09 1 7.33491e-09 1 
204 1.37778e-27 1 2.53315e-14 1 2.2941e-12 1 4.94478e-09 1 5.43355e-09 1 
205 1.54573e-26 1 1.47154e-14 1 1.35938e-12 1 2.98837e-09 1 3.37687e-09 1 
206 5.83427e-27 1 9.49703e-15 1 9.01512e-13 1 2.03412e-09 1 2.38183e-09 1 
207 6.78085e-27 1 5.43251e-15 1 5.34909e-13 1 1.24794e-09 1 1.52608e-09 1 
208 2.11614e-29 1 2.54796e-15 1 2.67103e-13 1 6.57505e-10 1 8.58182e-10 1 
209 6.14487e-31 1 9.47463e-16 1 1.12982e-13 1 3.07337e-10 1 4.47741e-10 1 
210 1.86778e-28 1 1.09131e-16 1 2.13255e-14 1 7.78894e-11 1 1.47791e-10 1 
211 1.41612e-27 1 7.91616e-17 1 1.02696e-15 1 6.12122e-13 1 1.58441e-11 1 
212 0 1 8.05323e-16 1 4.41646e-14 1 5.20687e-11 1 1.68175e-11 1 
213 0 1 2.15137e-15 1 1.42066e-13 1 2.19336e-10 1 1.42587e-10 1 
214 0 1 3.77083e-15 1 2.70406e-13 1 4.62666e-10 1 3.6612e-10 1 
215 0 1 5.22986e-15 1 3.93218e-13 1 7.11153e-10 1 6.19374e-10 1 
216 0 1 5.87696e-15 1 4.5616e-13 1 8.55283e-10 1 7.90496e-10 1 
217 0 1 6.69789e-15 1 5.3131e-13 1 1.02059e-09 1 9.80619e-10 1 
218 0 1 6.18531e-15 1 4.98941e-13 1 9.76293e-10 1 9.65918e-10 1 
219 0 1 5.90919e-15 1 4.84098e-13 1 9.63466e-10 1 9.79015e-10 1 
220 0 1 4.65445e-15 1 3.86559e-13 1 7.80963e-10 1 8.12461e-10 1 
221 0 1 3.23995e-15 1 2.73072e-13 1 5.60657e-10 1 5.9822e-10 1 
222 0 1 2.36195e-15 1 2.02018e-13 1 4.21497e-10 1 4.61202e-10 1 
223 0 1 1.71988e-15 1 1.49213e-13 1 3.16207e-10 1 3.54504e-10 1 
224 0 1 1.3318e-15 1 1.17129e-13 1 2.51932e-10 1 2.89049e-10 1 
225 0 1 1.01961e-15 1 9.09099e-14 1 1.98472e-10 1 2.33038e-10 1 
226 0 1 7.7997e-16 1 7.0438e-14 1 1.55929e-10 1 1.87066e-10 1 
227 0 1 6.00517e-16 1 5.49351e-14 1 1.23323e-10 1 1.51183e-10 1 
228 0 1 4.24279e-16 1 3.93046e-14 1 8.94485e-11 1 1.12e-10 1 
229 0 1 2.89134e-16 1 2.71226e-14 1 6.25711e-11 1 8.00158e-11 1 
230 0 1 1.90319e-16 1 1.8094e-14 1 4.23551e-11 1 5.54006e-11 1 
231 0 1 1.3262e-16 1 1.27887e-14 1 3.04013e-11 1 4.07237e-11 1 
232 0 1 9.62434e-17 1 9.40906e-15 1 2.27018e-11 1 3.11133e-11 1 
233 0 1 7.35736e-17 1 7.28635e-15 1 1.78271e-11 1 2.49605e-11 1 
234 0 1 5.59283e-17 1 5.60176e-15 1 1.38733e-11 1 1.97892e-11 1 
235 0 1 4.05062e-17 1 4.10248e-15 1 1.02826e-11 1 1.49385e-11 1 
236 0 1 2.80439e-17 1 2.8706e-15 1 7.27773e-12 1 1.07594e-11 1 
237 0 1 1.80428e-17 1 1.86755e-15 1 4.79188e-12 1 7.21561e-12 1 
238 0 1 1.17412e-17 1 1.22885e-15 1 3.19095e-12 1 4.89361e-12 1 
239 0 1 8.7003e-18 1 9.20618e-16 1 2.41895e-12 1 3.77726e-12 1 
240 0 1 6.59015e-18 1 7.04255e-16 1 1.87024e-12 1 2.96836e-12 1 
241 0 1 4.39896e-18 1 4.75122e-16 1 1.27631e-12 1 2.06167e-12 1 
242 0 1 2.70366e-18 1 2.95568e-16 1 8.04432e-13 1 1.32587e-12 1 
243 0 1 1.78397e-18 1 1.97602e-16 1 5.45487e-13 1 9.18914e-13 1 
244 0 1 1.22123e-18 1 1.37039e-16 1 3.83649e-13 1 6.60372e-13 1 
245 0 1 8.86753e-19 1 1.0077e-16 1 2.85967e-13 1 5.02558e-13 1 
246 0 1 6.25181e-19 1 7.18265e-17 1 2.06237e-13 1 3.68995e-13 1 
247 0 1 4.32865e-19 1 5.02747e-17 1 1.46042e-13 1 2.65965e-13 1 
248 0 1 3.05012e-19 1 3.58236e-17 1 1.05319e-13 1 1.95332e-13 1 
249 0 1 2.41386e-19 1 2.86489e-17 1 8.51725e-14 1 1.60663e-13 1 
250 0 1 1.79508e-19 1 2.1512e-17 1 6.46223e-14 1 1.23827e-13 1 
251 0 1 1.32202e-19 1 1.5993e-17 1 4.85286e-14 1 9.44106e-14 1 
252 0 1 9.11359e-20 1 1.11263e-17 1 3.40916e-14 1 6.73072e-14 1 
253 0 1 5.47772e-20 1 6.74418e-18 1 2.08515e-14 1 4.17334e-14 1 
254 0 1 2.99108e-20 1 3.71682e-18 1 1.16085e-14 1 2.35962e-14 1 
255 0 1 1.75831e-20 1 2.20835e-18 1 6.97721e-15 1 1.44352e-14 1 
256 0 1 1.12684e-20 1 1.43123e-18 1 4.57804e-15 1 9.65281e-15 1 
257 0 1 7.52103e-21 1 9.65835e-19 1 3.12657e-15 1 6.7148e-15 1 
258 0 1 5.29625e-21 1 6.87523e-19 1 2.25308e-15 1 4.93112e-15 1 
259 0 1 3.79582e-21 1 4.98327e-19 1 1.6535e-15 1 3.68898e-15 1 
260 0 1 2.54919e-21 1 3.38423e-19 1 1.13727e-15 1 2.58756e-15 1 
261 0 1 1.65e-21 1 2.21594e-19 1 7.53918e-16 1 1.74844e-15 1 
262 0 1 1.07536e-21 1 1.46063e-19 1 5.03464e-16 1 1.19147e-15 1 
263 0 1 8.00146e-22 1 1.10176e-19 1 3.853e-16 1 9.32468e-16 1 
264 0 1 5.88729e-22 1 8.22283e-20 1 2.91942e-16 1 7.23185e-16 1 
265 0 1 4.58005e-22 1 6.49232e-20 1 2.34058e-16 1 5.93556e-16 1 
266 0 1 3.67745e-22 1 5.27391e-20 1 1.92788e-16 1 4.99367e-16 1 
267 0 1 2.73502e-22 1 3.96822e-20 1 1.46831e-16 1 3.87409e-16 1 
268 0 1 1.97384e-22 1 2.89116e-20 1 1.08111e-16 1 2.89851e-16 1 
269 0 1 1.15591e-22 1 1.70947e-20 1 6.45581e-17 1 1.7571e-16 1 
270 0 1 7.44381e-23 1 1.11307e-20 1 4.2524e-17 1 1.17801e-16 1 
271 0 1 5.11913e-23 1 7.7762e-21 1 3.01065e-17 1 8.51034e-17 1 
272 0 1 3.44309e-23 1 5.27421e-21 1 2.06855e-17 1 5.96406e-17 1 
273 0 1 2.24479e-23 1 3.49913e-21 1 1.39088e-17 1 4.09196e-17 1 
274 0 1 1.56675e-23 1 2.47842e-21 1 9.985e-18 1 2.99752e-17 1 
275 0 1 1.14215e-23 1 1.83866e-21 1 7.49616e-18 1 2.29032e-17 1 
276 0 1 8.24825e-24 1 1.33944e-21 1 5.52571e-18 1 1.71817e-17 1 
277 0 1 5.87732e-24 1 9.67439e-22 1 4.03823e-18 1 1.27732e-17 1 
278 0 1 3.89624e-24 1 6.37482e-22 1 2.6913e-18 1 8.65617e-18 1 
279 0 1 2.27258e-24 1 3.76138e-22 1 1.60754e-18 1 5.25959e-18 1 
280 0 1 1.4336e-24 1 2.36081e-22 1 1.02336e-18 1 3.41398e-18 1 
281 0 1 1.02877e-24 1 1.69689e-22 1 7.45843e-19 1 2.53322e-18 1 
282 0 1 7.11372e-25 1 1.15892e-22 1 5.1632e-19 1 1.78301e-18 1 
283 0 1 5.27259e-25 1 8.4154e-23 1 3.80264e-19 1 1.33436e-18 1 
284 0 1 3.75088e-25 1 5.68244e-23 1 2.6123e-19 1 9.33104e-19 1 
285 0 1 2.44054e-25 1 3.74651e-23 1 1.76422e-19 1 6.42645e-19 1 
286 0 1 1.59812e-25 1 2.40861e-23 1 1.16918e-19 1 4.349e-19 1 
287 0 1 9.93288e-26 1 1.64931e-23 1 8.31729e-20 1 3.1541e-19 1 
288 0 1 6.13499e-26 1 1.12914e-23 1 5.94677e-20 1 2.29406e-19 1 
289 0 1 3.81749e-26 1 8.80182e-24 1 4.88307e-20 1 1.91098e-19 1 
290 0 1 2.20664e-26 1 6.14542e-24 1 3.65897e-20 1 1.45295e-19 1 
291 0 1 9.3535e-27 1 3.98422e-24 1 2.62569e-20 1 1.05576e-19 1 
292 0 1 4.24752e-27 1 2.219e-24 1 1.70609e-20 1 6.95093e-20 1 
293 0 1 1.10959e-27 1 1.14352e-24 1 1.1343e-20 1 4.67135e-20 1 
294 0 1 8.32056e-28 1 4.57547e-25 1 7.13765e-21 1 2.97837e-20 1 
295 0 1 3.67913e-28 1 1.0663e-25 1 4.43289e-21 1 1.86822e-20 1 
296 0 1 2.60967e-28 1 0 1 2.58544e-21 1 1.09987e-20 1 
297 0 1 1.29152e-28 1 0 1 1.38452e-21 1 5.93086e-21 1 
298 0 1 1.54365e-28 1 0 1 5.9193e-22 1 2.55792e-21 1 
299 0 1 9.91828e-30 1 0 1 1.3545e-22 1 5.7965e-22 1 
300 0 1 0 1 0 1 0 1 0 1 
