./h2oh2.x 0 1 0 0 6.5 26. 20 10000. 1000 
hv0 -6.46468
hv1 -6.62038
hv2 -3.3015
hv3 -3.40468
hv4 -1.68095
hv5 -1.74044
hv6 -0.89785
hv7 -0.932218
hv8 -0.505618
hv9 -0.526036
hv10 -0.298792
hv11 -0.311462
hv12 -0.185071
hv13 -0.193242
hv14 -0.119638
hv15 -0.125034
hv16 -0.0783762
hv17 -0.0820164
hv18 -0.0530558
hv19 -0.0555723
hv20 -0.0374582
hv21 -0.0392331
hv22 -0.0266834
hv23 -0.0279578
hv24 -0.0191295
hv25 -0.0200588
hv26 -0.0152861
hv27 -0.0160049
hv28 -0.0140348
hv29 -0.0147536
hv30 -0.0152682
hv31 -0.0159871
hv32 -0.0140659
hv33 -0.0147848
hv34 -0.0151926
hv35 -0.0159115
hv36 -0.0143315
hv37 -0.0150504
emin= -100
start iterations
1 -42.9099 3.05484
2 -43.8695 3.05567
3 -42.8886 9.21021
4 -43.4783 15.8148
5 -40.5272 34.9628
6 -42.9911 65.7004
7 -41.8556 135.38
8 -42.4437 266.819
9 -42.114 537.463
10 -42.3306 1071.12
11 -42.1687 2146.02
12 -42.3044 4288.27
13 -42.1817 8580.3
14 -42.298 17156.8
15 -42.1849 34317.4
16 -42.2964 68631.1
17 -42.1857 137266
18 -42.296 274528
19 -42.1859 549060
20 -42.2959 1.09812e+06
21 -42.186 2.19624e+06
22 -42.2959 4.39247e+06
23 -42.186 8.78494e+06
24 -42.2959 1.75699e+07
25 -42.186 3.51398e+07
26 -42.2959 7.02795e+07
27 -42.186 1.40559e+08
28 -42.2959 2.81118e+08
29 -42.186 5.62236e+08
30 -42.2959 1.12447e+09
31 -42.186 2.24894e+09
32 -42.2959 4.49789e+09
33 -42.186 8.99578e+09
34 -42.2959 1.79916e+10
35 -42.186 3.59831e+10
36 -42.2959 7.19662e+10
37 -42.186 1.43932e+11
38 -42.2958 2.87865e+11
39 -42.186 5.7573e+11
40 -42.2958 1.15146e+12
41 -42.1859 2.30292e+12
42 -42.2958 4.60584e+12
43 -42.1856 9.21168e+12
44 -42.2932 1.84234e+13
45 -42.1845 3.68467e+13
46 -42.2995 7.36934e+13
47 -42.1935 1.47387e+14
48 -42.2611 2.94774e+14
49 -42.1296 5.89547e+14
50 -42.2401 1.17909e+15
51 -42.3884 2.35819e+15
52 -43.4384 4.71638e+15
53 -41.8267 9.43276e+15
54 -41.2412 1.88655e+16
55 -42.234 3.7731e+16
56 -42.911 7.54621e+16
57 -2.45934 1.50924e+17
58 -4.08524 3.01848e+17
59 -13.3295 6.03697e+17
60 -19.341 1.20739e+18
61 -49.318 2.41479e+18
62 -77.3643 4.82957e+18
63 -197.271 9.65914e+18
64 -325.458 1.93183e+19
65 -757.082 3.86366e+19
66 -277.836 7.72732e+19
67 -4052.32 1.54546e+20
68 -3159.36 3.09093e+20
69 -8017.28 6.18185e+20
70 -12637.4 1.23637e+21
71 -32069.1 2.47274e+21
72 -50549.8 4.94548e+21
73 -62740.5 9.89096e+21
74 -71127 1.97819e+22
75 -250962 3.95639e+22
76 -284508 7.91277e+22
77 -1.00385e+06 1.58255e+23
78 -1.13803e+06 3.16511e+23
79 -4.01539e+06 6.33022e+23
80 -4.55213e+06 1.26604e+24
81 -1.60616e+07 2.53209e+24
82 -1.82085e+07 5.06417e+24
83 -6.42463e+07 1.01283e+25
84 -7.2834e+07 2.02567e+25
85 -2.56985e+08 4.05134e+25
86 -2.91336e+08 8.10268e+25
87 -1.02794e+09 1.62054e+26
88 -1.16534e+09 3.24107e+26
89 -4.11176e+09 6.48214e+26
90 -4.66138e+09 1.29643e+27
91 -1.6447e+10 2.59286e+27
92 -1.86455e+10 5.18571e+27
93 -6.57882e+10 1.03714e+28
94 -7.45821e+10 2.07429e+28
95 -2.63153e+11 4.14857e+28
96 -2.98328e+11 8.29714e+28
97 -1.05261e+12 1.65943e+29
98 -1.19331e+12 3.31886e+29
99 -4.21044e+12 6.63771e+29
100 -4.77325e+12 1.32754e+30
iteration 100
101 -1.68418e+13 2.65509e+30
102 -1.9093e+13 5.31017e+30
103 -6.73671e+13 1.06203e+31
104 -7.6372e+13 2.12407e+31
105 -2.69468e+14 4.24814e+31
106 -3.05488e+14 8.49627e+31
107 -1.07787e+15 1.69925e+32
108 -1.22195e+15 3.39851e+32
109 -4.31149e+15 6.79702e+32
110 -4.88781e+15 1.3594e+33
111 -1.7246e+16 2.71881e+33
112 -1.95512e+16 5.43762e+33
113 -6.89839e+16 1.08752e+34
114 -7.8205e+16 2.17505e+34
115 -2.75936e+17 4.35009e+34
116 -3.1282e+17 8.70018e+34
117 -1.10374e+18 1.74004e+35
118 -1.25128e+18 3.48007e+35
119 -4.41497e+18 6.96015e+35
120 -5.00512e+18 1.39203e+36
121 -1.76599e+19 2.78406e+36
122 -2.00205e+19 5.56812e+36
123 -7.06395e+19 1.11362e+37
124 -8.00819e+19 2.22725e+37
125 -2.82558e+20 4.45449e+37
126 -3.20328e+20 8.90899e+37
127 -1.13023e+21 1.7818e+38
128 -1.28131e+21 3.5636e+38
129 -4.52093e+21 7.12719e+38
130 -5.12524e+21 1.42544e+39
131 -1.80837e+22 2.85088e+39
132 -2.0501e+22 5.70175e+39
133 -7.23349e+22 1.14035e+40
134 -8.20038e+22 2.2807e+40
135 -2.89339e+23 4.5614e+40
136 -3.28015e+23 9.1228e+40
137 -1.15736e+24 1.82456e+41
138 -1.31206e+24 3.64912e+41
139 -4.62943e+24 7.29824e+41
140 -5.24825e+24 1.45965e+42
141 -1.85177e+25 2.9193e+42
142 -2.0993e+25 5.83859e+42
143 -7.40709e+25 1.16772e+43
144 -8.39719e+25 2.33544e+43
145 -2.96284e+26 4.67088e+43
146 -3.35888e+26 9.34175e+43
147 -1.18513e+27 1.86835e+44
148 -1.34355e+27 3.7367e+44
149 -4.74054e+27 7.4734e+44
150 -5.3742e+27 1.49468e+45
151 -1.89622e+28 2.98936e+45
152 -2.14968e+28 5.97872e+45
153 -7.58486e+28 1.19574e+46
154 -8.59873e+28 2.39149e+46
155 -3.03394e+29 4.78298e+46
156 -3.43949e+29 9.56595e+46
157 -1.21358e+30 1.91319e+47
158 -1.3758e+30 3.82638e+47
159 -4.85431e+30 7.65276e+47
160 -5.50319e+30 1.53055e+48
161 -1.94172e+31 3.06111e+48
162 -2.20127e+31 6.12221e+48
163 -7.7669e+31 1.22444e+49
164 -8.8051e+31 2.44888e+49
165 -3.10676e+32 4.89777e+49
166 -3.52204e+32 9.79554e+49
167 -1.2427e+33 1.95911e+50
168 -1.40882e+33 3.91821e+50
169 -4.97081e+33 7.83643e+50
170 -5.63526e+33 1.56729e+51
171 -1.98833e+34 3.13457e+51
172 -2.2541e+34 6.26914e+51
173 -7.9533e+34 1.25383e+52
174 -9.01642e+34 2.50766e+52
175 -3.18132e+35 5.01531e+52
176 -3.60657e+35 1.00306e+53
177 -1.27253e+36 2.00613e+53
178 -1.44263e+36 4.01225e+53
179 -5.09011e+36 8.0245e+53
180 -5.77051e+36 1.6049e+54
181 -2.03605e+37 3.2098e+54
182 -2.3082e+37 6.4196e+54
183 -8.14418e+37 1.28392e+55
184 -9.23281e+37 2.56784e+55
185 -3.25767e+38 5.13568e+55
186 -3.69312e+38 1.02714e+56
187 -1.30307e+39 2.05427e+56
188 -1.47725e+39 4.10855e+56
189 -5.21228e+39 8.21709e+56
190 -5.909e+39 1.64342e+57
191 -2.08491e+40 3.28684e+57
192 -2.3636e+40 6.57367e+57
193 -8.33964e+40 1.31473e+58
194 -9.4544e+40 2.62947e+58
195 -3.33586e+41 5.25894e+58
196 -3.78176e+41 1.05179e+59
197 -1.33434e+42 2.10358e+59
198 -1.5127e+42 4.20715e+59
199 -5.33737e+42 8.4143e+59
200 -6.05082e+42 1.68286e+60
iteration 200
201 -2.13495e+43 3.36572e+60
202 -2.42033e+43 6.73144e+60
203 -8.53979e+43 1.34629e+61
204 -9.68131e+43 2.69258e+61
205 -3.41592e+44 5.38515e+61
206 -3.87252e+44 1.07703e+62
207 -1.36637e+45 2.15406e+62
208 -1.54901e+45 4.30812e+62
209 -5.46547e+45 8.61625e+62
210 -6.19604e+45 1.72325e+63
211 -2.18619e+46 3.4465e+63
212 -2.47841e+46 6.893e+63
213 -8.74475e+46 1.3786e+64
214 -9.91366e+46 2.7572e+64
215 -3.4979e+47 5.5144e+64
216 -3.96546e+47 1.10288e+65
217 -1.39916e+48 2.20576e+65
218 -1.58619e+48 4.41152e+65
219 -5.59664e+48 8.82304e+65
220 -6.34474e+48 1.76461e+66
221 -2.23866e+49 3.52921e+66
222 -2.5379e+49 7.05843e+66
223 -8.95462e+49 1.41169e+67
224 -1.01516e+50 2.82337e+67
225 -3.58185e+50 5.64674e+67
226 -4.06063e+50 1.12935e+68
227 -1.43274e+51 2.2587e+68
228 -1.62425e+51 4.51739e+68
229 -5.73096e+51 9.03479e+68
230 -6.49701e+51 1.80696e+69
231 -2.29238e+52 3.61392e+69
232 -2.59881e+52 7.22783e+69
233 -9.16953e+52 1.44557e+70
234 -1.03952e+53 2.89113e+70
235 -3.66781e+53 5.78226e+70
236 -4.15809e+53 1.15645e+71
237 -1.46713e+54 2.31291e+71
238 -1.66324e+54 4.62581e+71
239 -5.8685e+54 9.25162e+71
240 -6.65294e+54 1.85032e+72
241 -2.3474e+55 3.70065e+72
242 -2.66118e+55 7.4013e+72
243 -9.3896e+55 1.48026e+73
244 -1.06447e+56 2.96052e+73
245 -3.75584e+56 5.92104e+73
246 -4.25788e+56 1.18421e+74
247 -1.50234e+57 2.36842e+74
248 -1.70315e+57 4.73683e+74
249 -6.00935e+57 9.47366e+74
250 -6.81261e+57 1.89473e+75
251 -2.40374e+58 3.78946e+75
252 -2.72505e+58 7.57893e+75
253 -9.61495e+58 1.51579e+76
254 -1.09002e+59 3.03157e+76
255 -3.84598e+59 6.06314e+76
256 -4.36007e+59 1.21263e+77
257 -1.53839e+60 2.42526e+77
258 -1.74403e+60 4.85051e+77
259 -6.15357e+60 9.70103e+77
260 -6.97612e+60 1.94021e+78
261 -2.46143e+61 3.88041e+78
262 -2.79045e+61 7.76082e+78
263 -9.84571e+61 1.55216e+79
264 -1.11618e+62 3.10433e+79
265 -3.93829e+62 6.20866e+79
266 -4.46471e+62 1.24173e+80
267 -1.57531e+63 2.48346e+80
268 -1.78589e+63 4.96693e+80
269 -6.30126e+63 9.93385e+80
270 -7.14354e+63 1.98677e+81
271 -2.5205e+64 3.97354e+81
272 -2.85742e+64 7.94708e+81
273 -1.0082e+65 1.58942e+82
274 -1.14297e+65 3.17883e+82
275 -4.0328e+65 6.35767e+82
276 -4.57187e+65 1.27153e+83
277 -1.61312e+66 2.54307e+83
278 -1.82875e+66 5.08613e+83
279 -6.45249e+66 1.01723e+84
280 -7.31499e+66 2.03445e+84
281 -2.58099e+67 4.06891e+84
282 -2.926e+67 8.13781e+84
283 -1.0324e+68 1.62756e+85
284 -1.1704e+68 3.25513e+85
285 -4.12959e+68 6.51025e+85
286 -4.68159e+68 1.30205e+86
287 -1.65184e+69 2.6041e+86
288 -1.87264e+69 5.2082e+86
289 -6.60735e+69 1.04164e+87
290 -7.49055e+69 2.08328e+87
291 -2.64294e+70 4.16656e+87
292 -2.99622e+70 8.33312e+87
293 -1.05718e+71 1.66662e+88
294 -1.19849e+71 3.33325e+88
295 -4.2287e+71 6.6665e+88
296 -4.79395e+71 1.3333e+89
297 -1.69148e+72 2.6666e+89
298 -1.91758e+72 5.3332e+89
299 -6.76592e+72 1.06664e+90
300 -7.67032e+72 2.13328e+90
iteration 300
301 -2.70637e+73 4.26656e+90
302 -3.06813e+73 8.53312e+90
303 -1.08255e+74 1.70662e+91
304 -1.22725e+74 3.41325e+91
305 -4.33019e+74 6.82649e+91
306 -4.90901e+74 1.3653e+92
307 -1.73208e+75 2.7306e+92
308 -1.9636e+75 5.46119e+92
309 -6.9283e+75 1.09224e+93
310 -7.85441e+75 2.18448e+93
311 -2.77132e+76 4.36896e+93
312 -3.14176e+76 8.73791e+93
313 -1.10853e+77 1.74758e+94
314 -1.25671e+77 3.49516e+94
315 -4.43411e+77 6.99033e+94
316 -5.02682e+77 1.39807e+95
317 -1.77365e+78 2.79613e+95
318 -2.01073e+78 5.59226e+95
319 -7.09458e+78 1.11845e+96
320 -8.04291e+78 2.23691e+96
321 -2.83783e+79 4.47381e+96
322 -3.21717e+79 8.94762e+96
323 -1.13513e+80 1.78952e+97
324 -1.28687e+80 3.57905e+97
325 -4.54053e+80 7.1581e+97
326 -5.14746e+80 1.43162e+98
327 -1.81621e+81 2.86324e+98
328 -2.05899e+81 5.72648e+98
329 -7.26485e+81 1.1453e+99
330 -8.23594e+81 2.29059e+99
331 -2.90594e+82 4.58118e+99
332 -3.29438e+82 9.16236e+99
333 -1.16238e+83 1.83247e+100
334 -1.31775e+83 3.66495e+100
335 -4.64951e+83 7.32989e+100
336 -5.271e+83 1.46598e+101
337 -1.8598e+84 2.93196e+101
338 -2.1084e+84 5.86391e+101
339 -7.43921e+84 1.17278e+102
340 -8.43361e+84 2.34557e+102
341 -2.97568e+85 4.69113e+102
342 -3.37344e+85 9.38226e+102
343 -1.19027e+86 1.87645e+103
344 -1.34938e+86 3.7529e+103
345 -4.76109e+86 7.50581e+103
346 -5.39751e+86 1.50116e+104
347 -1.90444e+87 3.00232e+104
348 -2.159e+87 6.00465e+104
349 -7.61775e+87 1.20093e+105
350 -8.63601e+87 2.40186e+105
351 -3.0471e+88 4.80372e+105
352 -3.45441e+88 9.60743e+105
353 -1.21884e+89 1.92149e+106
354 -1.38176e+89 3.84297e+106
355 -4.87536e+89 7.68595e+106
356 -5.52705e+89 1.53719e+107
357 -1.95014e+90 3.07438e+107
358 -2.21082e+90 6.14876e+107
359 -7.80058e+90 1.22975e+108
360 -8.84328e+90 2.4595e+108
361 -3.12023e+91 4.91901e+108
362 -3.53731e+91 9.83801e+108
363 -1.24809e+92 1.9676e+109
364 -1.41492e+92 3.93521e+109
365 -4.99237e+92 7.87041e+109
366 -5.6597e+92 1.57408e+110
367 -1.99695e+93 3.14816e+110
368 -2.26388e+93 6.29633e+110
369 -7.98779e+93 1.25927e+111
370 -9.05552e+93 2.51853e+111
371 -3.19512e+94 5.03706e+111
372 -3.62221e+94 1.00741e+112
373 -1.27805e+95 2.01483e+112
374 -1.44888e+95 4.02965e+112
375 -5.11219e+95 8.0593e+112
376 -5.79553e+95 1.61186e+113
377 -2.04487e+96 3.22372e+113
378 -2.31821e+96 6.44744e+113
379 -8.1795e+96 1.28949e+114
380 -9.27285e+96 2.57898e+114
381 -3.2718e+97 5.15795e+114
382 -3.70914e+97 1.03159e+115
383 -1.30872e+98 2.06318e+115
384 -1.48366e+98 4.12636e+115
385 -5.23488e+98 8.25272e+115
386 -5.93462e+98 1.65054e+116
387 -2.09395e+99 3.30109e+116
388 -2.37385e+99 6.60218e+116
389 -8.37581e+99 1.32044e+117
390 -9.4954e+99 2.64087e+117
391 -3.35032e+100 5.28174e+117
392 -3.79816e+100 1.05635e+118
393 -1.34013e+101 2.1127e+118
394 -1.51926e+101 4.22539e+118
395 -5.36052e+101 8.45079e+118
396 -6.07705e+101 1.69016e+119
397 -2.14421e+102 3.38032e+119
398 -2.43082e+102 6.76063e+119
399 -8.57683e+102 1.35213e+120
400 -9.72329e+102 2.70425e+120
iteration 400
401 -3.43073e+103 5.4085e+120
402 -3.88931e+103 1.0817e+121
403 -1.37229e+104 2.1634e+121
404 -1.55573e+104 4.3268e+121
405 -5.48917e+104 8.65361e+121
406 -6.2229e+104 1.73072e+122
407 -2.19567e+105 3.46144e+122
408 -2.48916e+105 6.92289e+122
409 -8.78267e+105 1.38458e+123
410 -9.95665e+105 2.76915e+123
411 -3.51307e+106 5.53831e+123
412 -3.98266e+106 1.10766e+124
413 -1.40523e+107 2.21532e+124
414 -1.59306e+107 4.43065e+124
415 -5.62091e+107 8.86129e+124
416 -6.37225e+107 1.77226e+125
417 -2.24836e+108 3.54452e+125
418 -2.5489e+108 7.08904e+125
419 -8.99345e+108 1.41781e+126
420 -1.01956e+109 2.83561e+126
421 -3.59738e+109 5.67123e+126
422 -4.07824e+109 1.13425e+127
423 -1.43895e+110 2.26849e+127
424 -1.6313e+110 4.53698e+127
425 -5.75581e+110 9.07397e+127
426 -6.52519e+110 1.81479e+128
427 -2.30232e+111 3.62959e+128
428 -2.61007e+111 7.25917e+128
429 -9.2093e+111 1.45183e+129
430 -1.04403e+112 2.90367e+129
431 -3.68372e+112 5.80734e+129
432 -4.17612e+112 1.16147e+130
433 -1.47349e+113 2.32294e+130
434 -1.67045e+113 4.64587e+130
435 -5.89395e+113 9.29174e+130
436 -6.68179e+113 1.85835e+131
437 -2.35758e+114 3.7167e+131
438 -2.67272e+114 7.43339e+131
439 -9.43032e+114 1.48668e+132
440 -1.06909e+115 2.97336e+132
441 -3.77213e+115 5.94671e+132
442 -4.27635e+115 1.18934e+133
443 -1.50885e+116 2.37869e+133
444 -1.71054e+116 4.75737e+133
445 -6.0354e+116 9.51474e+133
446 -6.84215e+116 1.90295e+134
447 -2.41416e+117 3.8059e+134
448 -2.73686e+117 7.61179e+134
449 -9.65665e+117 1.52236e+135
450 -1.09474e+118 3.04472e+135
451 -3.86266e+118 6.08943e+135
452 -4.37898e+118 1.21789e+136
453 -1.54506e+119 2.43577e+136
454 -1.75159e+119 4.87155e+136
455 -6.18025e+119 9.7431e+136
456 -7.00637e+119 1.94862e+137
457 -2.4721e+120 3.89724e+137
458 -2.80255e+120 7.79448e+137
459 -9.88841e+120 1.5589e+138
460 -1.12102e+121 3.11779e+138
461 -3.95536e+121 6.23558e+138
462 -4.48407e+121 1.24712e+139
463 -1.58215e+122 2.49423e+139
464 -1.79363e+122 4.98847e+139
465 -6.32858e+122 9.97693e+139
466 -7.17452e+122 1.99539e+140
467 -2.53143e+123 3.99077e+140
468 -2.86981e+123 7.98154e+140
469 -1.01257e+124 1.59631e+141
470 -1.14792e+124 3.19262e+141
471 -4.05029e+124 6.38524e+141
472 -4.59169e+124 1.27705e+142
473 -1.62012e+125 2.55409e+142
474 -1.83668e+125 5.10819e+142
475 -6.48047e+125 1.02164e+143
476 -7.34671e+125 2.04328e+143
477 -2.59219e+126 4.08655e+143
478 -2.93868e+126 8.1731e+143
479 -1.03687e+127 1.63462e+144
480 -1.17547e+127 3.26924e+144
481 -4.1475e+127 6.53848e+144
482 -4.70189e+127 1.3077e+145
483 -1.659e+128 2.61539e+145
484 -1.88076e+128 5.23078e+145
485 -6.636e+128 1.04616e+146
486 -7.52303e+128 2.09231e+146
487 -2.6544e+129 4.18463e+146
488 -3.00921e+129 8.36926e+146
489 -1.06176e+130 1.67385e+147
490 -1.20368e+130 3.3477e+147
491 -4.24704e+130 6.6954e+147
492 -4.81474e+130 1.33908e+148
493 -1.69882e+131 2.67816e+148
494 -1.9259e+131 5.35632e+148
495 -6.79526e+131 1.07126e+149
496 -7.70358e+131 2.14253e+149
497 -2.7181e+132 4.28506e+149
498 -3.08143e+132 8.57012e+149
499 -1.08724e+133 1.71402e+150
500 -1.23257e+133 3.42805e+150
iteration 500
501 -4.34897e+133 6.85609e+150
502 -4.93029e+133 1.37122e+151
503 -1.73959e+134 2.74244e+151
504 -1.97212e+134 5.48488e+151
505 -6.95835e+134 1.09698e+152
506 -7.88847e+134 2.19395e+152
507 -2.78334e+135 4.3879e+152
508 -3.15539e+135 8.7758e+152
509 -1.11334e+136 1.75516e+153
510 -1.26215e+136 3.51032e+153
511 -4.45334e+136 7.02064e+153
512 -5.04862e+136 inf
513 nan nan
514 nan nan
515 nan nan
516 nan nan
517 nan nan
518 nan nan
519 nan nan
520 nan nan
521 nan nan
522 nan nan
523 nan nan
524 nan nan
525 nan nan
526 nan nan
527 nan nan
528 nan nan
529 nan nan
530 nan nan
531 nan nan
532 nan nan
533 nan nan
534 nan nan
535 nan nan
536 nan nan
537 nan nan
538 nan nan
539 nan nan
540 nan nan
541 nan nan
542 nan nan
543 nan nan
544 nan nan
545 nan nan
546 nan nan
547 nan nan
548 nan nan
549 nan nan
550 nan nan
551 nan nan
552 nan nan
553 nan nan
554 nan nan
555 nan nan
556 nan nan
557 nan nan
558 nan nan
559 nan nan
560 nan nan
561 nan nan
562 nan nan
563 nan nan
564 nan nan
565 nan nan
566 nan nan
567 nan nan
568 nan nan
569 nan nan
570 nan nan
571 nan nan
572 nan nan
573 nan nan
574 nan nan
575 nan nan
576 nan nan
577 nan nan
578 nan nan
579 nan nan
580 nan nan
581 nan nan
582 nan nan
583 nan nan
584 nan nan
585 nan nan
586 nan nan
587 nan nan
588 nan nan
589 nan nan
590 nan nan
591 nan nan
592 nan nan
593 nan nan
594 nan nan
595 nan nan
596 nan nan
597 nan nan
598 nan nan
599 nan nan
600 nan nan
iteration 600
601 nan nan
602 nan nan
603 nan nan
604 nan nan
605 nan nan
606 nan nan
607 nan nan
608 nan nan
609 nan nan
610 nan nan
611 nan nan
612 nan nan
613 nan nan
614 nan nan
615 nan nan
616 nan nan
617 nan nan
618 nan nan
619 nan nan
620 nan nan
621 nan nan
622 nan nan
623 nan nan
624 nan nan
625 nan nan
626 nan nan
627 nan nan
628 nan nan
629 nan nan
630 nan nan
631 nan nan
632 nan nan
633 nan nan
634 nan nan
635 nan nan
636 nan nan
637 nan nan
638 nan nan
639 nan nan
640 nan nan
641 nan nan
642 nan nan
643 nan nan
644 nan nan
645 nan nan
646 nan nan
647 nan nan
648 nan nan
649 nan nan
650 nan nan
651 nan nan
652 nan nan
653 nan nan
654 nan nan
655 nan nan
656 nan nan
657 nan nan
658 nan nan
659 nan nan
660 nan nan
661 nan nan
662 nan nan
663 nan nan
664 nan nan
665 nan nan
666 nan nan
667 nan nan
668 nan nan
669 nan nan
670 nan nan
671 nan nan
672 nan nan
673 nan nan
674 nan nan
675 nan nan
676 nan nan
677 nan nan
678 nan nan
679 nan nan
680 nan nan
681 nan nan
682 nan nan
683 nan nan
684 nan nan
685 nan nan
686 nan nan
687 nan nan
688 nan nan
689 nan nan
690 nan nan
691 nan nan
692 nan nan
693 nan nan
694 nan nan
695 nan nan
696 nan nan
697 nan nan
698 nan nan
699 nan nan
700 nan nan
iteration 700
701 nan nan
702 nan nan
703 nan nan
704 nan nan
705 nan nan
706 nan nan
707 nan nan
708 nan nan
709 nan nan
710 nan nan
711 nan nan
712 nan nan
713 nan nan
714 nan nan
715 nan nan
716 nan nan
717 nan nan
718 nan nan
719 nan nan
720 nan nan
721 nan nan
722 nan nan
723 nan nan
724 nan nan
725 nan nan
726 nan nan
727 nan nan
728 nan nan
729 nan nan
730 nan nan
731 nan nan
732 nan nan
733 nan nan
734 nan nan
735 nan nan
736 nan nan
737 nan nan
738 nan nan
739 nan nan
740 nan nan
741 nan nan
742 nan nan
743 nan nan
744 nan nan
745 nan nan
746 nan nan
747 nan nan
748 nan nan
749 nan nan
750 nan nan
751 nan nan
752 nan nan
753 nan nan
754 nan nan
755 nan nan
756 nan nan
757 nan nan
758 nan nan
759 nan nan
760 nan nan
761 nan nan
762 nan nan
763 nan nan
764 nan nan
765 nan nan
766 nan nan
767 nan nan
768 nan nan
769 nan nan
770 nan nan
771 nan nan
772 nan nan
773 nan nan
774 nan nan
775 nan nan
776 nan nan
777 nan nan
778 nan nan
779 nan nan
780 nan nan
781 nan nan
782 nan nan
783 nan nan
784 nan nan
785 nan nan
786 nan nan
787 nan nan
788 nan nan
789 nan nan
790 nan nan
791 nan nan
792 nan nan
793 nan nan
794 nan nan
795 nan nan
796 nan nan
797 nan nan
798 nan nan
799 nan nan
800 nan nan
iteration 800
801 nan nan
802 nan nan
803 nan nan
804 nan nan
805 nan nan
806 nan nan
807 nan nan
808 nan nan
809 nan nan
810 nan nan
811 nan nan
812 nan nan
813 nan nan
814 nan nan
815 nan nan
816 nan nan
817 nan nan
818 nan nan
819 nan nan
820 nan nan
821 nan nan
822 nan nan
823 nan nan
824 nan nan
825 nan nan
826 nan nan
827 nan nan
828 nan nan
829 nan nan
830 nan nan
831 nan nan
832 nan nan
833 nan nan
834 nan nan
835 nan nan
836 nan nan
837 nan nan
838 nan nan
839 nan nan
840 nan nan
841 nan nan
842 nan nan
843 nan nan
844 nan nan
845 nan nan
846 nan nan
847 nan nan
848 nan nan
849 nan nan
850 nan nan
851 nan nan
852 nan nan
853 nan nan
854 nan nan
855 nan nan
856 nan nan
857 nan nan
858 nan nan
859 nan nan
860 nan nan
861 nan nan
862 nan nan
863 nan nan
864 nan nan
865 nan nan
866 nan nan
867 nan nan
868 nan nan
869 nan nan
870 nan nan
871 nan nan
872 nan nan
873 nan nan
874 nan nan
875 nan nan
876 nan nan
877 nan nan
878 nan nan
879 nan nan
880 nan nan
881 nan nan
882 nan nan
883 nan nan
884 nan nan
885 nan nan
886 nan nan
887 nan nan
888 nan nan
889 nan nan
890 nan nan
891 nan nan
892 nan nan
893 nan nan
894 nan nan
895 nan nan
896 nan nan
897 nan nan
898 nan nan
899 nan nan
900 nan nan
iteration 900
901 nan nan
902 nan nan
903 nan nan
904 nan nan
905 nan nan
906 nan nan
907 nan nan
908 nan nan
909 nan nan
910 nan nan
911 nan nan
912 nan nan
913 nan nan
914 nan nan
915 nan nan
916 nan nan
917 nan nan
918 nan nan
919 nan nan
920 nan nan
921 nan nan
922 nan nan
923 nan nan
924 nan nan
925 nan nan
926 nan nan
927 nan nan
928 nan nan
929 nan nan
930 nan nan
931 nan nan
932 nan nan
933 nan nan
934 nan nan
935 nan nan
936 nan nan
937 nan nan
938 nan nan
939 nan nan
940 nan nan
941 nan nan
942 nan nan
943 nan nan
944 nan nan
945 nan nan
946 nan nan
947 nan nan
948 nan nan
949 nan nan
950 nan nan
951 nan nan
952 nan nan
953 nan nan
954 nan nan
955 nan nan
956 nan nan
957 nan nan
958 nan nan
959 nan nan
960 nan nan
961 nan nan
962 nan nan
963 nan nan
964 nan nan
965 nan nan
966 nan nan
967 nan nan
968 nan nan
969 nan nan
970 nan nan
971 nan nan
972 nan nan
973 nan nan
974 nan nan
975 nan nan
976 nan nan
977 nan nan
978 nan nan
979 nan nan
980 nan nan
981 nan nan
982 nan nan
983 nan nan
984 nan nan
985 nan nan
986 nan nan
987 nan nan
988 nan nan
989 nan nan
990 nan nan
991 nan nan
992 nan nan
993 nan nan
994 nan nan
995 nan nan
996 nan nan
997 nan nan
998 nan nan
999 nan nan
1000 nan nan
iteration 1000
 ngood = 0
E0= 0
end of program
 T F T
NO. OF ANGULAR BASIS FUNCTIONS:    2
NO. OF OFF-DIAGONAL CORIOLIS:    0
DIAGONAL CORIOLIS AND H2O ROTOR MATRIX ELEMENTS
IBAS       DIACOR         DIAROT
   1     0.00000000     0.00000000
   2     0.00121048     0.00016931

OFF-DIAGONAL CORIOLIS MATRIX ELEMENTS
IMAT       ELEMENT  IND
 loop over to generate non-zero off-rot matrix element

OFF-DIAGONAL H2O ROTOR MATRIX ELEMENTS
IMAT       ELEMENT  IND    JND

CALCULATING RADIAL KINETCI ENERGY MATRIX

CODING THE BASIS INDICES

ICOD     ICODE   K   j   k  IB
   1         1   0   0   0   1
   2    100002   0   1   0   2

NO. OF KBIG VALUES:   1   STARTING INDICES:   1

PES MINIMUM    -97.1432089 R=  6.250 THETA=   110.000 CHI=     0.000
           1   7.4749999999999996     
           2   8.4499999999999993     
           3   9.4250000000000007     
           4   10.400000000000000     
           5   11.375000000000000     
           6   12.350000000000000     
           7   13.324999999999999     
           8   14.300000000000001     
           9   15.275000000000000     
          10   16.250000000000000     
          11   17.225000000000001     
          12   18.199999999999999     
          13   19.174999999999997     
          14   20.149999999999999     
          15   21.125000000000000     
          16   22.100000000000001     
          17   23.074999999999999     
          18   24.050000000000001     
          19   25.024999999999999     
