5.66918 1.21464e-06 2.58844e-06
5.76366 -2.96409e-05 -2.68713e-05
5.85815 -5.34956e-05 -4.97085e-05
5.95264 -7.15951e-05 -6.70953e-05
6.04712 -8.49821e-05 -8.00121e-05
6.14161 -9.4527e-05 -8.92778e-05
6.2361 -0.000100956 -9.55759e-05
6.33058 -0.000104874 -9.94759e-05
6.42507 -0.000106783 -0.000101452
6.51955 -0.000107099 -0.000101897
6.61404 -0.000106166 -0.000101136
6.70853 -0.000104267 -9.94401e-05
6.80301 -0.000101636 -9.70295e-05
6.8975 -9.8463e-05 -9.40866e-05
6.99199 -9.49032e-05 -9.07598e-05
7.08647 -9.10822e-05 -8.717e-05
7.18096 -8.71013e-05 -8.34147e-05
7.27545 -8.30413e-05 -7.95724e-05
7.36993 -7.89663e-05 -7.57054e-05
7.46442 -7.49263e-05 -7.18628e-05
7.5589 -7.096e-05 -6.80825e-05
7.65339 -6.70966e-05 -6.43938e-05
7.74788 -6.33577e-05 -6.08183e-05
7.84236 -5.97586e-05 -5.73715e-05
7.93685 -5.63095e-05 -5.40643e-05
8.03134 -5.30167e-05 -5.09033e-05
8.12582 -4.9883e-05 -4.78921e-05
8.22031 -4.69091e-05 -4.50318e-05
8.31479 -4.40932e-05 -4.23245e-05
8.40928 -4.14322e-05 -3.97749e-05
8.50377 -3.8922e-05 -3.73768e-05
8.59825 -3.65574e-05 -3.51234e-05
8.69274 -3.43328e-05 -3.30076e-05
8.78723 -3.2242e-05 -3.10222e-05
8.88171 -3.02787e-05 -2.91603e-05
8.9762 -2.84366e-05 -2.7415e-05
9.07068 -2.67092e-05 -2.57795e-05
9.16517 -2.50902e-05 -2.42474e-05
9.25966 -2.35735e-05 -2.28124e-05
9.35414 -2.21529e-05 -2.14686e-05
9.44863 -2.08228e-05 -2.02103e-05
9.54312 -1.95776e-05 -1.90321e-05
9.6376 -1.8412e-05 -1.79288e-05
9.73209 -1.73224e-05 -1.68957e-05
9.82658 -1.63054e-05 -1.59281e-05
9.92106 -1.53558e-05 -1.50218e-05
10.0155 -1.44687e-05 -1.41728e-05
10.11 -1.36398e-05 -1.33771e-05
10.2045 -1.28649e-05 -1.26314e-05
10.299 -1.21401e-05 -1.19323e-05
10.3935 -1.14619e-05 -1.12767e-05
10.488 -1.0827e-05 -1.06617e-05
10.5825 -1.02323e-05 -1.00846e-05
10.677 -9.67511e-06 -9.54282e-06
10.7714 -9.15274e-06 -9.0341e-06
10.8659 -8.6628e-06 -8.55622e-06
10.9604 -8.20304e-06 -8.10713e-06
11.0549 -7.77139e-06 -7.68495e-06
11.1494 -7.36595e-06 -7.28789e-06
11.2439 -6.98491e-06 -6.91432e-06
11.3384 -6.62666e-06 -6.5627e-06
11.4328 -6.28965e-06 -6.2316e-06
11.5273 -5.97246e-06 -5.9197e-06
11.6218 -5.6738e-06 -5.62575e-06
11.7163 -5.39244e-06 -5.34861e-06
11.8108 -5.12726e-06 -5.08721e-06
11.9053 -4.87719e-06 -4.84055e-06
11.9998 -4.64128e-06 -4.60769e-06
12.0942 -4.41861e-06 -4.38777e-06
12.1887 -4.20834e-06 -4.17999e-06
12.2832 -4.00969e-06 -3.98359e-06
12.3777 -3.82194e-06 -3.79788e-06
12.4722 -3.6444e-06 -3.62219e-06
12.5667 -3.47645e-06 -3.45591e-06
12.6612 -3.31749e-06 -3.29848e-06
12.7557 -3.16699e-06 -3.14937e-06
12.8501 -3.02442e-06 -3.00808e-06
12.9446 -2.88933e-06 -2.87414e-06
13.0391 -2.76125e-06 -2.74712e-06
13.1336 -2.63977e-06 -2.62662e-06
13.2281 -2.52451e-06 -2.51226e-06
13.3226 -2.41511e-06 -2.40368e-06
13.4171 -2.31123e-06 -2.30056e-06
13.5115 -2.21254e-06 -2.20257e-06
13.606 -2.11876e-06 -2.10944e-06
13.7005 -2.02961e-06 -2.02088e-06
13.795 -1.94482e-06 -1.93664e-06
13.8895 -1.86415e-06 -1.85649e-06
13.984 -1.78738e-06 -1.78019e-06
14.0785 -1.71429e-06 -1.70754e-06
14.1729 -1.64468e-06 -1.63834e-06
14.2674 -1.57836e-06 -1.5724e-06
14.3619 -1.51515e-06 -1.50955e-06
14.4564 -1.45489e-06 -1.44961e-06
14.5509 -1.39742e-06 -1.39245e-06
14.6454 -1.34259e-06 -1.33791e-06
14.7399 -1.29026e-06 -1.28585e-06
14.8343 -1.24031e-06 -1.23615e-06
14.9288 -1.19261e-06 -1.18869e-06
15.0233 -1.14705e-06 -1.14334e-06
