4.47826 1.87192e-05 1.32156e-05 6.92218e-06 1.62871e-05 1.14656e-06 
4.95652 0.00159811 0.000982988 0.000508328 0.00127929 0.000131329 
5.43478 0.0240556 0.0115864 0.00585999 0.0173177 0.00292607 
5.91304 0.107595 0.0372075 0.0193332 0.0737741 0.0159427 
6.3913 0.211331 0.0459279 0.0280367 0.145541 0.0318174 
6.86957 0.239129 0.0251809 0.0247719 0.169724 0.0316073 
7.34783 0.187757 0.00862792 0.0185542 0.137669 0.0216131 
7.82609 0.116016 0.0172987 0.0160085 0.0866953 0.0180758 
8.30435 0.0612563 0.0425175 0.0160271 0.0456311 0.0229334 
8.78261 0.0291359 0.068129 0.0156472 0.0216244 0.0287895 
9.26087 0.0129232 0.0849058 0.0135709 0.0109747 0.0297923 
9.73913 0.00546807 0.0912197 0.0101241 0.00814559 0.024937 
10.2174 0.00224037 0.0892505 0.00626596 0.00897042 0.0165116 
10.6957 0.000897402 0.0820742 0.00292164 0.0109314 0.00784003 
11.1739 0.000353811 0.0723296 0.000729157 0.0126877 0.00178592 
11.6522 0.000137889 0.0618537 1.6383e-05 0.0136224 7.08005e-05 
12.1304 5.33003e-05 0.0517562 0.000864857 0.013545 0.00313369 
12.6087 2.04718e-05 0.0426157 0.00318561 0.0125145 0.0102928 
13.087 7.82863e-06 0.0346663 0.00678176 0.0107333 0.0200618 
13.5652 2.98205e-06 0.0279384 0.0113939 0.0084796 0.0305307 
14.0435 1.13342e-06 0.0223532 0.0167316 0.00605928 0.0397542 
14.5217 4.29568e-07 0.0177817 0.0224951 0.00377032 0.046094 
15 1.62702e-07 0.0140791 0.0283903 0.00187498 0.0484813 
15.4783 6.14539e-08 0.0111044 0.0341399 0.000579071 0.0465679 
15.9565 2.32347e-08 0.00872924 0.0394913 1.77486e-05 0.0407544 
16.4348 8.75121e-09 0.00684213 0.0442233 0.000247968 0.0320965 
16.913 3.30753e-09 0.00534855 0.0481512 0.00124761 0.0221121 
17.3913 1.24184e-09 0.00417015 0.0511304 0.00292101 0.0125181 
17.8696 4.70127e-10 0.00324273 0.053059 0.00511031 0.0049438 
18.3478 1.75643e-10 0.00251438 0.0538792 0.0076115 0.000664006 
18.8261 6.67933e-11 0.00194333 0.0535778 0.010194 0.000394428 
19.3043 2.47386e-11 0.0014963 0.0521849 0.0126218 0.00418069 
19.7826 9.51112e-12 0.00114679 0.0497717 0.014675 0.0113974 
20.2609 3.45903e-12 0.000873886 0.0464468 0.0161688 0.0208559 
20.7391 1.35884e-12 0.000661062 0.0423519 0.0169704 0.0310029 
21.2174 4.76071e-13 0.000495342 0.0376556 0.0170096 0.0401761 
21.6957 1.96205e-13 0.000366544 0.0325472 0.0162852 0.0468764 
22.1739 6.40582e-14 0.000266715 0.0272294 0.0148644 0.0500121 
22.6522 2.90675e-14 0.000189657 0.0219109 0.0128764 0.0490749 
23.1304 8.37838e-15 0.000130571 0.0167984 0.0105006 0.0442221 
23.6087 4.34691e-15 8.57592e-05 0.0120893 0.00795057 0.0362485 
24.087 8.19417e-16 5.24128e-05 0.00796434 0.00545482 0.0264562 
24.5652 4.13179e-16 2.84342e-05 0.00458122 0.00323656 0.0164421 
25.0435 5.00941e-17 1.23127e-05 0.00206869 0.00149381 0.00783725 
25.5217 2.31562e-17 3.03022e-06 0.000522105 0.00038195 0.00204234 
