2.34955 5.86382e-05 2.92164e-05 7.01836e-06 1.54018e-05 2.7888e-05 
2.58238 0.00416737 0.00185769 0.000440216 0.00095144 0.00167931 
2.81522 0.0655683 0.0243614 0.00563439 0.0118401 0.0198869 
3.04806 0.333628 0.0957512 0.0214191 0.0433527 0.0685169 
3.2809 0.76052 0.147155 0.0313228 0.0601174 0.0886008 
3.51374 0.989937 0.0947672 0.0183552 0.0321101 0.0450134 
3.74657 0.876907 0.0142745 0.0020656 0.00355103 0.0126198 
3.97941 0.598921 0.0147115 0.00549755 0.0164959 0.0408171 
4.21225 0.343578 0.102706 0.0263411 0.0581948 0.0940984 
4.44509 0.175242 0.220853 0.0492618 0.0943681 0.120797 
4.67793 0.0825298 0.318422 0.0628952 0.104867 0.10435 
4.91076 0.0368029 0.374634 0.0642362 0.0896218 0.0612884 
5.1436 0.0158076 0.390813 0.0557663 0.0597774 0.0193479 
5.37644 0.00661394 0.377445 0.0418646 0.0286443 0.000291609 
5.60928 0.00271631 0.346076 0.0267091 0.0067409 0.0127098 
5.84212 0.00110068 0.306046 0.0134828 0.000108253 0.0521737 
6.07495 0.000441717 0.263749 0.00425692 0.0103822 0.105346 
6.30779 0.000175986 0.223064 0.000161475 0.0356392 0.155531 
6.54063 6.97503e-05 0.186041 0.00161233 0.0714817 0.18798 
6.77347 2.75294e-05 0.15354 0.0085142 0.112138 0.193849 
7.00631 1.08346e-05 0.125704 0.0204173 0.151479 0.172169 
7.23914 4.25282e-06 0.102276 0.036632 0.1839 0.129609 
7.47198 1.66698e-06 0.0828091 0.0563126 0.20502 0.0783301 
7.70482 6.521e-07 0.0667878 0.0785184 0.212172 0.0325421 
7.93766 2.55017e-07 0.0536969 0.102262 0.204652 0.00470259 
8.1705 9.95269e-08 0.0430595 0.126546 0.183723 0.00229442 
8.40333 3.88782e-08 0.0344528 0.150399 0.152385 0.0259723 
8.63617 1.5144e-08 0.0275124 0.172901 0.114939 0.0695037 
8.86901 5.91613e-09 0.0219303 0.193213 0.0764137 0.121481 
9.10185 2.29958e-09 0.0174501 0.210595 0.0419087 0.168339 
9.33469 8.99727e-10 0.0138601 0.224431 0.0159482 0.197898 
9.56752 3.48613e-10 0.0109872 0.234244 0.00191234 0.202509 
9.80036 1.36984e-10 0.00869052 0.239706 0.00162005 0.181013 
10.0332 5.27875e-11 0.00685614 0.240653 0.0151105 0.139021 
10.266 2.09419e-11 0.00539203 0.23708 0.0406505 0.0874387 
10.4989 7.98805e-12 0.00422426 0.229148 0.0749643 0.0396358 
10.7317 3.24036e-12 0.00329343 0.217171 0.113658 0.00798918 
10.9646 1.21416e-12 0.00255204 0.201608 0.151782 0.000686355 
11.1974 5.13115e-13 0.00196206 0.183046 0.184465 0.0196163 
11.4302 1.8298e-13 0.00149319 0.162176 0.207532 0.0598868 
11.6631 8.22266e-14 0.00112127 0.139773 0.218041 0.111093 
11.8959 2.50388e-14 0.000827124 0.116665 0.21465 0.160005 
12.1287 1.20846e-14 0.000595575 0.0937031 0.197795 0.193987 
12.3616 3.19946e-15 0.00041466 0.0717341 0.169629 0.204261 
12.5944 1.93601e-15 0.000275031 0.0515666 0.13375 0.188171 
12.8273 3.45898e-16 0.000169477 0.0339432 0.0947404 0.149873 
13.0601 2.5888e-16 9.25461e-05 0.019513 0.0575847 0.0992619 
13.2929 2.74853e-17 4.02659e-05 0.00880787 0.0270299 0.0494128 
13.5258 1.71917e-17 9.93842e-06 0.0022225 0.00698062 0.0132065 
