4.47826 -0.00646499 0.00586647 -0.00442388 -0.00680782 -0.000127969 
4.95652 -0.056342 0.0489412 -0.0368716 -0.056993 -0.000672257 
5.43478 -0.200764 0.161867 -0.121057 -0.186687 -0.00180851 
5.91304 -0.390081 0.282273 -0.211458 -0.331901 0.0045054 
6.3913 -0.509796 0.311931 -0.239633 -0.399964 0.0314658 
6.86957 -0.515448 0.234388 -0.196179 -0.378944 0.0793808 
7.34783 -0.441592 0.100417 -0.116742 -0.312229 0.134141 
7.82609 -0.339977 -0.0360321 -0.0374846 -0.24141 0.180272 
8.30435 -0.244142 -0.145629 0.0226692 -0.186766 0.208749 
8.78261 -0.167399 -0.220568 0.059156 -0.152236 0.217077 
9.26087 -0.111256 -0.264274 0.0746542 -0.134204 0.206741 
9.73913 -0.0723788 -0.283946 0.0741366 -0.12709 0.181003 
10.2174 -0.0463906 -0.28677 0.0624551 -0.125862 0.143613 
10.6957 -0.0294175 -0.2786 0.043533 -0.126774 0.0982518 
11.1739 -0.0185107 -0.263775 0.0202814 -0.127349 0.0483386 
11.6522 -0.0115806 -0.245328 -0.00523467 -0.126101 -0.00304152 
12.1304 -0.00721412 -0.225297 -0.031583 -0.122252 -0.0531535 
12.6087 -0.00447903 -0.204999 -0.0577774 -0.115491 -0.0996165 
13.087 -0.00277409 -0.185251 -0.0831371 -0.10582 -0.140412 
13.5652 -0.00171456 -0.166535 -0.107186 -0.0934347 -0.173893 
14.0435 -0.00105822 -0.149108 -0.129588 -0.0786599 -0.198802 
14.5217 -0.000652179 -0.133084 -0.150098 -0.0618985 -0.214284 
15 -0.000401651 -0.118481 -0.168538 -0.0436014 -0.219891 
15.4783 -0.000247067 -0.105261 -0.184774 -0.024247 -0.215585 
15.9565 -0.000151967 -0.0933532 -0.198708 -0.00432497 -0.201725 
16.4348 -9.33517e-05 -0.0826654 -0.210268 0.0156753 -0.179046 
16.913 -5.73792e-05 -0.073099 -0.219405 0.035275 -0.148625 
17.3913 -3.5195e-05 -0.0645531 -0.226092 0.0540149 -0.111831 
17.8696 -2.16389e-05 -0.056929 -0.23032 0.0714642 -0.0702763 
18.3478 -1.32524e-05 -0.0501326 -0.232096 0.0872275 -0.0257452 
18.8261 -8.15197e-06 -0.0440757 -0.231449 0.100953 0.019874 
19.3043 -4.98408e-06 -0.0386768 -0.228424 0.112337 0.0646655 
19.7826 -3.07338e-06 -0.0338607 -0.223082 0.121132 0.106761 
20.2609 -1.86082e-06 -0.029559 -0.215504 0.12715 0.144416 
20.7391 -1.1568e-06 -0.0257094 -0.205787 0.130265 0.176074 
21.2174 -6.93738e-07 -0.022255 -0.194044 0.130416 0.200437 
21.6957 -4.35213e-07 -0.0191445 -0.180403 0.12761 0.216506 
22.1739 -2.58059e-07 -0.0163308 -0.165009 0.121917 0.22363 
22.6522 -1.69289e-07 -0.0137712 -0.14802 0.113472 0.221525 
23.1304 -9.95113e-08 -0.0114265 -0.129606 0.102471 0.210288 
23.6087 -6.68123e-08 -0.00926043 -0.109949 0.0891645 0.190388 
24.087 -3.31175e-08 -0.00723953 -0.0892418 0.0738557 0.162652 
24.5652 -2.13062e-08 -0.00533229 -0.0676838 0.05689 0.128225 
25.0435 -1.06367e-08 -0.00350888 -0.0454823 0.0386493 0.0885273 
25.5217 -4.18084e-09 -0.00174072 -0.0228493 0.0195433 0.0451918 
