4.44 0.00518944 0.00377645 0.00186301 0.0027842 0.00382151 
4.88 0.0415832 0.0289034 0.0141916 0.0211069 0.0287782 
5.32 0.151753 0.0981867 0.0478423 0.07059 0.0951389 
5.76 0.31529 0.183286 0.0883534 0.128988 0.171587 
6.2 0.445407 0.218053 0.103395 0.148675 0.195047 
6.64 0.485165 0.173914 0.0799496 0.111975 0.145084 
7.08 0.443869 0.074767 0.0308525 0.0395394 0.0521101 
7.52 0.361374 -0.0393316 -0.0235803 -0.0377088 -0.0417211 
7.96 0.272054 -0.139782 -0.0691061 -0.098604 -0.108881 
8.4 0.194182 -0.214442 -0.0998237 -0.134786 -0.139764 
8.84 0.133595 -0.262304 -0.115416 -0.146392 -0.136454 
9.28 0.0895713 -0.287558 -0.118154 -0.137499 -0.106435 
9.72 0.0589668 -0.295788 -0.110999 -0.113276 -0.0586611 
10.16 0.0383101 -0.292155 -0.0967053 -0.0786301 -0.00167111 
10.6 0.0246503 -0.280789 -0.0775203 -0.0377471 0.0571383 
11.04 0.0157471 -0.264777 -0.055177 0.00594508 0.111704 
11.48 0.0100058 -0.246301 -0.0309649 0.0496953 0.157307 
11.92 0.00633167 -0.226851 -0.00583307 0.0913073 0.19053 
12.36 0.00399446 -0.207405 0.0195214 0.129036 0.2092 
12.8 0.00251379 -0.188578 0.0445796 0.161509 0.212333 
13.24 0.00157921 -0.170737 0.0689485 0.187679 0.200069 
13.68 0.000990532 -0.154079 0.0923225 0.206788 0.173578 
14.12 0.000620707 -0.138692 0.114458 0.218351 0.134937 
14.56 0.000388512 -0.124588 0.135156 0.222143 0.0869669 
15 0.000243092 -0.111736 0.15425 0.218187 0.0330415 
15.44 0.000151943 -0.100073 0.171599 0.206743 -0.0231359 
15.88 9.49976e-05 -0.0895258 0.187083 0.188297 -0.0777677 
16.32 5.93144e-05 -0.0800092 0.2006 0.163541 -0.127202 
16.76 3.70745e-05 -0.071438 0.212063 0.13335 -0.168164 
17.2 2.31241e-05 -0.063728 0.221404 0.0987567 -0.197957 
17.64 1.44573e-05 -0.056798 0.228567 0.0609206 -0.214636 
18.08 9.00972e-06 -0.0505717 0.233515 0.0210916 -0.217123 
18.52 5.64259e-06 -0.0449779 0.236227 -0.0194264 -0.205278 
18.96 3.50241e-06 -0.0399508 0.236696 -0.059316 -0.1799 
19.4 2.20355e-06 -0.0354299 0.234935 -0.0972863 -0.142674 
19.84 1.35948e-06 -0.0313599 0.230974 -0.132112 -0.0960583 
20.28 8.63444e-07 -0.0276903 0.224858 -0.162673 -0.0431249 
20.72 5.29077e-07 -0.0243754 0.216653 -0.187986 0.0126441 
21.16 3.39448e-07 -0.0213731 0.20644 -0.20724 0.0675832 
21.6 2.05732e-07 -0.0186454 0.194316 -0.219817 0.118084 
22.04 1.34569e-07 -0.0161573 0.180397 -0.225314 0.160829 
22.48 7.66729e-08 -0.0138772 0.164812 -0.223555 0.193014 
22.92 5.05784e-08 -0.0117757 0.147705 -0.214599 0.212524 
23.36 2.98636e-08 -0.00982575 0.129236 -0.198733 0.218079 
23.8 1.99801e-08 -0.00800224 0.109573 -0.176469 0.209314 
24.24 1.04943e-08 -0.0062817 0.0888993 -0.148522 0.186804 
24.68 5.69192e-09 -0.00464197 0.0674039 -0.115791 0.152025 
25.12 1.96051e-09 -0.0030619 0.0452854 -0.0793314 0.107261 
25.56 -1.83267e-09 -0.00152118 0.022748 -0.0403153 0.0554521 
