
The following are the eigenvalues and errors for the simulation Coulomb100Points
Number of Eigenvalues: 73
State | Eigenvalue (kJ/mol) | Error (kJ/mol?)
0 -1.123110136050007e+03 0.000000000000000e+00
1 -1.121230398380224e+03 0.000000000000000e+00
2 -1.119350660715647e+03 0.000000000000000e+00
3 -1.117999648203222e+03 0.000000000000000e+00
4 -1.117999648189083e+03 0.000000000000000e+00
5 -1.117470923056148e+03 0.000000000000000e+00
6 -1.116119910537742e+03 0.000000000000000e+00
7 -1.116119910528553e+03 0.000000000000000e+00
8 -1.114240172877515e+03 0.000000000000000e+00
9 -1.112889160362979e+03 0.000000000000000e+00
10 -1.112889160349200e+03 0.000000000000000e+00
11 -1.111009422702049e+03 0.000000000000000e+00
12 -1.107778672529669e+03 0.000000000000000e+00
13 3.389888237162531e-02 0.000000000000000e+00
14 5.702449289122491e-02 0.000000000000000e+00
15 8.457685093777378e-02 0.000000000000000e+00
16 1.127120404636539e-01 1.358850421919720e-08
17 1.187724089808366e-01 0.000000000000000e+00
18 1.327702200229677e-01 1.475879119640578e-07
19 1.597066302449139e-01 2.544062349544465e-11
20 1.710693764446649e-01 3.106264061272419e-10
21 1.942609783965299e-01 6.827067738041559e-12
22 1.975898102611975e-01 9.175350695816583e-11
23 2.072228063228270e-01 5.759142915834067e-10
24 2.254417907834370e-01 1.148517576059123e-08
25 2.476369551763451e-01 4.419503282660918e-10
26 2.535979418213810e-01 2.410258914926519e-10
27 2.723347161035878e-01 2.809625232829348e-08
28 2.729996146952569e-01 2.928618231135697e-08
29 2.829566532277905e-01 1.800858228261650e-08
30 3.099559432276191e-01 1.966831892727804e-03
31 3.104946708417078e-01 7.873105515455446e-05
32 3.207927527084866e-01 2.131335232711333e-06
33 3.382027069175439e-01 5.742931528112194e-04
34 3.554193198316309e-01 1.028006645039713e-04
35 3.569680130299684e-01 1.219524548071977e-03
36 3.652587402436271e-01 6.650450841580064e-05
37 3.860684850006795e-01 6.802376474721925e-03
38 3.972912268260611e-01 2.004355524411675e-03
39 4.092951372666480e-01 3.188303138922267e-01
40 4.199337570312611e-01 2.359609106987741e-03
41 4.230915321709201e-01 6.659187629841447e-02
42 4.409354692434295e-01 1.169245594226647e-03
43 4.598060527652290e-01 4.000009950996000e-02
44 4.724039314960731e-01 1.273980782271581e-02
45 4.790373659304361e-01 1.239127520410738e-03
46 4.998022019722210e-01 4.974146515861459e-02
47 5.021061715936437e-01 1.173183168870231e-02
48 5.140088580566111e-01 4.197833042144754e-03
49 5.352660620487608e-01 4.443606872852486e-02
50 5.541755315377994e-01 7.808319791237130e-04
51 5.831740973012973e-01 2.475148422786450e-01
52 5.849175242838331e-01 6.323456401520683e-02
53 5.989869661384741e-01 5.477426478603861e-03
54 6.275669119478504e-01 4.247532066951281e-02
55 6.351283638038598e-01 2.719190517361310e-01
56 6.506799497187341e-01 1.123270233831197e-01
57 6.648775604730641e-01 2.425464704292745e-02
58 7.048777655989280e-01 2.667172722021057e-02
59 7.099437781055489e-01 6.418524169981446e-02
60 7.296467334093091e-01 3.264311080826245e-02
61 7.375454426327739e-01 1.167098029946927e-02
62 7.723640971044343e-01 1.295145615279127e-01
63 7.797141764642266e-01 6.349489237193885e-03
64 8.095165960945234e-01 9.270186646027885e-03
65 8.228120579397409e-01 8.414332351454307e-03
66 8.476795739984677e-01 2.567768803277507e-01
67 8.562389428557662e-01 3.754616795149895e-02
68 8.810930761016049e-01 1.555860671559330e-02
69 8.930723478326907e-01 1.449306676298478e-02
70 9.299144133164088e-01 2.543790859365640e-03
71 9.613511581587186e-01 1.376809496291292e-02
72 9.970168936579267e-01 1.254293487710355e-01
