
The following are the relative energies for the simulation Coulomb100Points
Number of Eigenvalues: 73
Zero Point Energy = -1.123110136050007e+03 kJ/mol
State | Relative Energy (kJ/mol)
0 0.000000000000000e+00
1 1.879737669783026e+00
2 3.759475334359649e+00
3 5.110487846784963e+00
4 5.110487860923968e+00
5 5.639212993858564e+00
6 6.990225512265170e+00
7 6.990225521454249e+00
8 8.869963172491680e+00
9 1.022097568702839e+01
10 1.022097570080723e+01
11 1.210071334795839e+01
12 1.533146352033782e+01
13 1.123144034932379e+03
14 1.123167160542898e+03
15 1.123194712900945e+03
16 1.123222848090471e+03
17 1.123228908458988e+03
18 1.123242906270030e+03
19 1.123269842680252e+03
20 1.123281205426452e+03
21 1.123304397028404e+03
22 1.123307725860268e+03
23 1.123317358856330e+03
24 1.123335577840790e+03
25 1.123357773005183e+03
26 1.123363733991828e+03
27 1.123382470766111e+03
28 1.123383135664702e+03
29 1.123393092703235e+03
30 1.123420091993235e+03
31 1.123420630720849e+03
32 1.123430928802715e+03
33 1.123448338756925e+03
34 1.123465555369839e+03
35 1.123467104063037e+03
36 1.123475394790251e+03
37 1.123496204535008e+03
38 1.123507427276833e+03
39 1.123519431187274e+03
40 1.123530069807038e+03
41 1.123533227582178e+03
42 1.123551071519250e+03
43 1.123569942102772e+03
44 1.123582539981503e+03
45 1.123589173415937e+03
46 1.123609938251979e+03
47 1.123612242221601e+03
48 1.123624144908063e+03
49 1.123645402112056e+03
50 1.123664311581545e+03
51 1.123693310147308e+03
52 1.123695053574291e+03
53 1.123709123016145e+03
54 1.123737702961955e+03
55 1.123745264413811e+03
56 1.123760815999726e+03
57 1.123775013610480e+03
58 1.123815013815606e+03
59 1.123820079828113e+03
60 1.123839782783416e+03
61 1.123847681492640e+03
62 1.123882500147111e+03
63 1.123889850226471e+03
64 1.123919652646101e+03
65 1.123932948107947e+03
66 1.123957815624005e+03
67 1.123966374992863e+03
68 1.123991229126109e+03
69 1.124003208397840e+03
70 1.124040050463323e+03
71 1.124071487208166e+03
72 1.124107152943665e+03
