The following are the Coefficients squared of the Eigenvectors of Tm for the simulation HELLO_WORLD!
Number of Eigenvectors: 4
Iteration | Coefficient Squared | Cumulative Norm 
1 0.143144 0.143144 0.266522 0.266522 0.231432 0.231432 0.141188 0.141188 
2 0.00685779 0.150002 0.0174857 0.284008 0.0240891 0.255521 0.0246383 0.165827 
3 0.0938663 0.243868 0.0921775 0.376185 0.00739034 0.262911 0.0270506 0.192877 
4 0.00522878 0.249097 0.00920095 0.385386 0.00493164 0.267843 4.24844e-05 0.19292 
5 0.0691485 0.318245 0.0364955 0.421882 0.00479833 0.272641 0.0706092 0.263529 
6 0.00421637 0.322461 0.00524566 0.427127 0.00057306 0.273214 0.0027293 0.266258 
7 0.0542502 0.376712 0.0147959 0.441923 0.0188806 0.292095 0.0638462 0.330105 
8 0.00352272 0.380234 0.0031269 0.44505 1.13511e-05 0.292106 0.00541212 0.335517 
9 0.0442933 0.424528 0.00562323 0.450673 0.0278901 0.319996 0.0434817 0.378999 
10 0.00301659 0.427544 0.00190808 0.452582 0.00040828 0.320404 0.00609662 0.385095 
11 0.0371794 0.464724 0.00174965 0.454331 0.0315384 0.351943 0.0253126 0.410408 
12 0.00263061 0.467354 0.0011739 0.455505 0.000948817 0.352892 0.00558924 0.415997 
13 0.0318526 0.499207 0.000300091 0.455805 0.0317578 0.384649 0.0127475 0.428745 
14 0.00232644 0.501533 0.00071856 0.456524 0.00140443 0.386054 0.00460527 0.43335 
15 0.0277224 0.529256 1.71865e-06 0.456525 0.0300823 0.416136 0.00525066 0.438601 
16 0.00208057 0.531336 0.000431579 0.456957 0.00172912 0.417865 0.00354124 0.442142 
17 0.0244325 0.555769 0.000249298 0.457206 0.027483 0.445348 0.0014525 0.443594 
18 0.00187776 0.557647 0.000249979 0.457456 0.00193275 0.447281 0.00257971 0.446174 
19 0.0217547 0.579401 0.000741321 0.458198 0.0245311 0.471812 8.86274e-05 0.446263 
20 0.00170769 0.581109 0.000136144 0.458334 0.00203918 0.473851 0.00178685 0.448049 
21 0.0195365 0.600646 0.00132363 0.459657 0.0215485 0.4954 0.000204822 0.448254 
22 0.00156307 0.602209 6.67532e-05 0.459724 0.00207246 0.497472 0.00117166 0.449426 
23 0.0176719 0.619881 0.00191698 0.461641 0.0187076 0.51618 0.00114051 0.450566 
24 0.00143867 0.621319 2.69151e-05 0.461668 0.00205294 0.518233 0.000717868 0.451284 
25 0.0160848 0.637404 0.00248155 0.46415 0.0160931 0.534326 0.00246163 0.453746 
26 0.00133056 0.638735 6.88557e-06 0.464156 0.00199661 0.536322 0.000400184 0.454146 
27 0.0147195 0.653454 0.00299862 0.467155 0.0137389 0.550061 0.00389515 0.458041 
28 0.00123581 0.65469 1.63235e-07 0.467155 0.00191562 0.551977 0.00019213 0.458233 
29 0.013534 0.668224 0.00346099 0.470616 0.0116503 0.563627 0.00527753 0.463511 
30 0.00115211 0.669376 2.3411e-06 0.470619 0.00181899 0.565446 6.9473e-05 0.46358 
31 0.0124962 0.681872 0.00386758 0.474486 0.00981711 0.575263 0.00651771 0.470098 
32 0.00107768 0.68295 1.03947e-05 0.474497 0.00171336 0.576977 1.14703e-05 0.47011 
33 0.0115813 0.694531 0.00422058 0.478717 0.00822094 0.585198 0.00757132 0.477681 
34 0.00101109 0.695542 2.22291e-05 0.478739 0.00160351 0.586801 1.05738e-06 0.477682 
35 0.0107694 0.706312 0.00452374 0.483263 0.00684018 0.593641 0.00842335 0.486105 
36 0.000951201 0.707263 3.6384e-05 0.4833 0.00149285 0.595134 2.456e-05 0.48613 
37 0.0100448 0.717308 0.00478147 0.488081 0.0056524 0.600787 0.00907656 0.495206 
38 0.000897068 0.718205 5.18382e-05 0.488133 0.00138378 0.60217 7.12348e-05 0.495278 
39 0.00939478 0.727599 0.00499831 0.493131 0.00463582 0.606806 0.00954393 0.504822 
40 0.000847923 0.728447 6.78779e-05 0.493199 0.00127796 0.608084 0.000132778 0.504954 
41 0.00880892 0.737256 0.00517866 0.498378 0.00377005 0.611854 0.00984373 0.514798 
42 0.000803126 0.738059 8.40065e-05 0.498462 0.00117646 0.613031 0.00020287 0.515001 
43 0.00827862 0.746338 0.00532665 0.503788 0.00303646 0.616067 0.00999645 0.524997 
44 0.000762143 0.7471 9.98814e-05 0.503888 0.00107997 0.617147 0.000276776 0.525274 
45 0.00779672 0.754897 0.00544603 0.509334 0.0024183 0.619565 0.0100228 0.535297 
46 0.000724521 0.755621 0.000115271 0.50945 0.000988877 0.620554 0.000351013 0.535648 
47 0.00735723 0.762979 0.00554023 0.51499 0.0019006 0.622455 0.00994275 0.545591 
48 0.000689878 0.763668 0.000130022 0.51512 0.000903358 0.623358 0.000423078 0.546014 
49 0.00695509 0.770624 0.00561227 0.520732 0.00147016 0.624828 0.00977466 0.555789 
50 0.000657884 0.771281 0.000144039 0.520876 0.000823431 0.625652 0.000491225 0.55628 
51 0.00658599 0.777867 0.00566489 0.526541 0.00111534 0.626767 0.00953516 0.565815 
52 0.000628258 0.778496 0.000157268 0.526698 0.000749008 0.627516 0.000554294 0.566369 
53 0.00624624 0.784742 0.00570048 0.532399 0.000825921 0.628342 0.009239 0.575608 
54 0.000600757 0.785343 0.000169683 0.532568 0.000679928 0.629022 0.000611565 0.57622 
55 0.00593269 0.791275 0.00572118 0.53829 0.000592986 0.629615 0.00889906 0.585119 
56 0.000575168 0.791851 0.00018128 0.538471 0.00061598 0.630231 0.000662655 0.585781 
57 0.0056426 0.797493 0.00572886 0.5442 0.000408731 0.63064 0.0085265 0.594308 
58 0.000551307 0.798044 0.000192068 0.544392 0.000556921 0.631197 0.000707429 0.595015 
59 0.0053736 0.803418 0.00572518 0.550117 0.000266353 0.631463 0.00813083 0.603146 
60 0.000529012 0.803947 0.00020207 0.550319 0.000502493 0.631965 0.000745932 0.603892 
61 0.0051236 0.809071 0.0057116 0.556031 0.000159925 0.632125 0.00772012 0.611612 
62 0.000508139 0.809579 0.000211311 0.556242 0.000452427 0.632578 0.000778343 0.612391 
63 0.00489079 0.81447 0.00568942 0.561931 8.42844e-05 0.632662 0.00730117 0.619692 
64 0.000488564 0.814958 0.000219823 0.562151 0.000406455 0.633069 0.000804929 0.620497 
65 0.00467358 0.819632 0.00565976 0.567811 3.49389e-05 0.633103 0.00687959 0.627376 
66 0.000470173 0.820102 0.000227642 0.568039 0.000364313 0.633468 0.000826018 0.628202 
67 0.00447056 0.824572 0.00562363 0.573662 7.97981e-06 0.633476 0.00646006 0.634662 
68 0.000452868 0.825025 0.000234802 0.573897 0.000325744 0.633802 0.000841976 0.635504 
69 0.00428046 0.829306 0.00558191 0.579479 7.87727e-09 0.633802 0.00604634 0.641551 
70 0.000436559 0.829742 0.00024134 0.57972 0.000290501 0.634092 0.000853188 0.642404 
71 0.00410219 0.833845 0.00553538 0.585256 8.06776e-06 0.6341 0.00564149 0.648045 
72 0.000421168 0.834266 0.00024729 0.585503 0.00025835 0.634358 0.000860044 0.648905 
73 0.00393475 0.8382 0.00548473 0.590988 2.95911e-05 0.634388 0.00524792 0.654153 
74 0.000406622 0.838607 0.000252689 0.59124 0.000229066 0.634617 0.000862935 0.655016 
75 0.00377725 0.842384 0.00543056 0.596671 6.23467e-05 0.634679 0.00486749 0.659884 
76 0.000392858 0.842777 0.00025757 0.596929 0.00020244 0.634882 0.000862239 0.660746 
77 0.00362891 0.846406 0.00537341 0.602302 0.000104397 0.634986 0.00450162 0.665248 
78 0.000379816 0.846786 0.000261965 0.602564 0.000178274 0.635165 0.00085832 0.666106 
79 0.00348899 0.850275 0.00531375 0.607878 0.000154062 0.635319 0.00415133 0.670257 
80 0.000367446 0.850642 0.000265905 0.608144 0.000156381 0.635475 0.000851526 0.671109 
81 0.00335687 0.853999 0.005252 0.613396 0.000209884 0.635685 0.00381732 0.674926 
82 0.000355698 0.854355 0.00026942 0.613665 0.000136591 0.635821 0.000842183 0.675768 
83 0.00323195 0.857587 0.00518853 0.618853 0.0002706 0.636092 0.00350002 0.679268 
84 0.00034453 0.857931 0.000272538 0.619126 0.000118739 0.636211 0.000830598 0.680099 
85 0.00311372 0.861045 0.00512367 0.62425 0.000335118 0.636546 0.00319964 0.683299 
86 0.000333901 0.861379 0.000275285 0.624525 0.000102678 0.636649 0.000817054 0.684116 
87 0.00300168 0.864381 0.00505771 0.629583 0.000402494 0.637051 0.00291618 0.687032 
88 0.000323777 0.864704 0.000277685 0.62986 8.82655e-05 0.637139 0.000801816 0.687834 
89 0.00289541 0.8676 0.00499089 0.634851 0.000471915 0.637611 0.00264953 0.690483 
90 0.000314124 0.867914 0.000279763 0.635131 7.53732e-05 0.637687 0.000785126 0.691268 
91 0.0027945 0.870709 0.00492345 0.640054 0.000542679 0.638229 0.00239942 0.693668 
92 0.000304912 0.871013 0.00028154 0.640336 6.38804e-05 0.638293 0.000767207 0.694435 
93 0.0026986 0.873712 0.00485558 0.645192 0.000614186 0.638907 0.0021655 0.6966 
94 0.000296112 0.874008 0.000283037 0.645475 5.36754e-05 0.638961 0.000748262 0.697349 
95 0.00260737 0.876616 0.00478745 0.650262 0.000685918 0.639647 0.00194734 0.699296 
96 0.0002877 0.876903 0.000284273 0.650546 4.46549e-05 0.639692 0.000728476 0.700025 
97 0.00252051 0.879424 0.00471923 0.655266 0.000757438 0.640449 0.00174446 0.701769 
98 0.000279653 0.879703 0.000285266 0.655551 3.67232e-05 0.640486 0.000708017 0.702477 
99 0.00243774 0.882141 0.00465105 0.660202 0.00082837 0.641314 0.00155633 0.704033 
100 0.000271947 0.882413 0.000286033 0.660488 2.97918e-05 0.641344 0.000687037 0.70472 
101 0.0023588 0.884772 0.00458303 0.665071 0.000898399 0.642242 0.00138237 0.706103 
102 0.000264564 0.885036 0.000286589 0.665358 2.37785e-05 0.642266 0.000665673 0.706768 
103 0.00228346 0.88732 0.00451527 0.669873 0.000967258 0.643233 0.001222 0.70799 
104 0.000257484 0.887577 0.00028695 0.67016 1.86078e-05 0.643252 0.000644047 0.708634 
105 0.00221149 0.889789 0.00444786 0.674608 0.00103473 0.644287 0.00107462 0.709709 
106 0.000250692 0.89004 0.00028713 0.674895 1.42094e-05 0.644301 0.00062227 0.710331 
107 0.0021427 0.892182 0.00438089 0.679276 0.00110062 0.645402 0.000939628 0.711271 
108 0.000244169 0.892426 0.00028714 0.679563 1.05187e-05 0.645412 0.00060044 0.711871 
109 0.0020769 0.894503 0.00431442 0.683877 0.00116479 0.646577 0.000816416 0.712688 
110 0.000237903 0.894741 0.000286994 0.684164 7.47573e-06 0.646584 0.000578644 0.713266 
111 0.00201391 0.896755 0.00424851 0.688413 0.00122711 0.647811 0.000704387 0.713971 
112 0.000231878 0.896987 0.000286702 0.688699 5.02519e-06 0.647817 0.00055696 0.714528 
113 0.00195358 0.898941 0.00418322 0.692883 0.0012875 0.649104 0.000602947 0.715131 
114 0.000226083 0.899167 0.000286275 0.693169 3.11596e-06 0.649107 0.000535456 0.715666 
115 0.00189576 0.901062 0.0041186 0.697288 0.00134587 0.650453 0.000511518 0.716178 
116 0.000220505 0.901283 0.000285723 0.697573 1.70082e-06 0.650455 0.000514191 0.716692 
117 0.00184031 0.903123 0.00405467 0.701628 0.00140217 0.651857 0.000429537 0.717121 
118 0.000215134 0.903338 0.000285054 0.701913 7.36145e-07 0.651858 0.000493218 0.717615 
119 0.0017871 0.905125 0.00399148 0.705904 0.00145636 0.653314 0.000356454 0.717971 
120 0.000209957 0.905335 0.000284279 0.706189 1.81631e-07 0.653314 0.000472582 0.718444 
121 0.00173601 0.907071 0.00392905 0.710118 0.00150842 0.654823 0.000291739 0.718735 
122 0.000204967 0.907276 0.000283403 0.710401 6.77742e-11 0.654823 0.000452322 0.719188 
123 0.00168693 0.908963 0.0038674 0.714269 0.00155834 0.656381 0.00023488 0.719423 
124 0.000200154 0.909163 0.000282436 0.714551 1.57088e-07 0.656381 0.000432471 0.719855 
125 0.00163976 0.910803 0.00380656 0.718358 0.00160612 0.657987 0.000185386 0.720041 
126 0.000195509 0.910999 0.000281384 0.718639 6.20961e-07 0.657988 0.000413057 0.720454 
127 0.00159439 0.912593 0.00374653 0.722386 0.00165177 0.65964 0.000142785 0.720596 
128 0.000191024 0.912784 0.000280253 0.722666 1.36239e-06 0.659641 0.000394104 0.72099 
129 0.00155073 0.914335 0.00368734 0.726353 0.0016953 0.661336 0.000106624 0.721097 
130 0.000186691 0.914522 0.00027905 0.726632 2.35433e-06 0.661339 0.000375631 0.721473 
131 0.00150871 0.91603 0.00362898 0.730261 0.00173674 0.663075 7.64707e-05 0.721549 
132 0.000182504 0.916213 0.00027778 0.730539 3.57184e-06 0.663079 0.000357652 0.721907 
133 0.00146824 0.917681 0.00357147 0.73411 0.00177612 0.664855 5.19141e-05 0.721959 
134 0.000178456 0.91786 0.000276449 0.734387 4.99186e-06 0.66486 0.000340181 0.722299 
135 0.00142924 0.919289 0.00351481 0.737902 0.00181346 0.666673 3.25616e-05 0.722331 
136 0.000174541 0.919463 0.000275061 0.738177 6.59317e-06 0.66668 0.000323226 0.722655 
137 0.00139165 0.920855 0.003459 0.741636 0.00184882 0.668529 1.804e-05 0.722673 
138 0.000170752 0.921026 0.000273622 0.741909 8.35616e-06 0.668537 0.000306793 0.72298 
139 0.00135539 0.922381 0.00340404 0.745313 0.00188222 0.670419 7.99523e-06 0.722988 
140 0.000167085 0.922548 0.000272135 0.745585 1.02628e-05 0.67043 0.000290886 0.723278 
141 0.00132041 0.923869 0.00334993 0.748935 0.00191371 0.672343 2.09142e-06 0.723281 
142 0.000163533 0.924032 0.000270606 0.749206 1.22963e-05 0.672356 0.000275507 0.723556 
143 0.00128665 0.925319 0.00329667 0.752503 0.00194334 0.674299 1.04696e-08 0.723556 
144 0.000160092 0.925479 0.000269036 0.752772 1.44415e-05 0.674314 0.000260655 0.723817 
145 0.00125404 0.926733 0.00324425 0.756016 0.00197115 0.676285 1.45147e-06 0.723818 
146 0.000156757 0.92689 0.000267431 0.756283 1.66841e-05 0.676301 0.000246329 0.724064 
147 0.00122254 0.928112 0.00319267 0.759476 0.00199719 0.678299 6.13003e-06 0.724071 
148 0.000153524 0.928266 0.000265794 0.759742 1.90111e-05 0.678318 0.000232525 0.724303 
149 0.00119211 0.929458 0.00314192 0.762884 0.00202151 0.680339 1.37777e-05 0.724317 
150 0.000150388 0.929608 0.000264127 0.763148 2.14106e-05 0.68036 0.000219238 0.724536 
151 0.00116268 0.930771 0.003092 0.76624 0.00204416 0.682405 2.41413e-05 0.72456 
152 0.000147346 0.930918 0.000262433 0.766502 2.38715e-05 0.682428 0.000206462 0.724767 
153 0.00113423 0.932052 0.00304289 0.769545 0.00206519 0.684494 3.69822e-05 0.724804 
154 0.000144393 0.932197 0.000260716 0.769806 2.63837e-05 0.68452 0.00019419 0.724998 
155 0.0011067 0.933304 0.0029946 0.772801 0.00208465 0.686605 5.20759e-05 0.72505 
156 0.000141527 0.933445 0.000258977 0.77306 2.89378e-05 0.686634 0.000182415 0.725232 
157 0.00108006 0.934525 0.0029471 0.776007 0.00210259 0.688736 6.92111e-05 0.725302 
158 0.000138743 0.934664 0.00025722 0.776264 3.15254e-05 0.688768 0.000171127 0.725473 
159 0.00105426 0.935718 0.0029004 0.779164 0.00211906 0.690887 8.81895e-05 0.725561 
160 0.000136039 0.935854 0.000255446 0.77942 3.41385e-05 0.690921 0.000160319 0.725721 
161 0.00102929 0.936883 0.00285447 0.782274 0.0021341 0.693055 0.000108825 0.72583 
162 0.000133411 0.937017 0.000253658 0.782528 3.67699e-05 0.693092 0.000149979 0.72598 
163 0.00100509 0.938022 0.00280932 0.785337 0.00214777 0.69524 0.000130942 0.726111 
164 0.000130856 0.938153 0.000251857 0.785589 3.94131e-05 0.695279 0.000140098 0.726251 
165 0.000981646 0.939134 0.00276492 0.788354 0.00216011 0.697439 0.000154377 0.726405 
166 0.000128373 0.939263 0.000250045 0.788604 4.20621e-05 0.697481 0.000130666 0.726536 
167 0.000958919 0.940222 0.00272128 0.791325 0.00217117 0.699652 0.000178976 0.726715 
168 0.000125957 0.940348 0.000248224 0.791573 4.47112e-05 0.699697 0.000121671 0.726837 
169 0.000936882 0.941285 0.00267838 0.794252 0.002181 0.701878 0.000204598 0.727041 
170 0.000123607 0.941408 0.000246396 0.794498 4.73556e-05 0.701925 0.000113102 0.727154 
171 0.000915509 0.942324 0.0026362 0.797134 0.00218964 0.704115 0.000231106 0.727386 
172 0.00012132 0.942445 0.000244562 0.797379 4.99905e-05 0.704165 0.00010495 0.727491 
173 0.000894774 0.94334 0.00259474 0.799974 0.00219713 0.706362 0.000258375 0.727749 
174 0.000119094 0.943459 0.000242724 0.800216 5.26118e-05 0.706415 9.7201e-05 0.727846 
175 0.000874651 0.944334 0.00255399 0.80277 0.00220352 0.708618 0.00028629 0.728132 
176 0.000116926 0.94445 0.000240882 0.803011 5.52157e-05 0.708674 8.98451e-05 0.728222 
177 0.000855117 0.945306 0.00251393 0.805525 0.00220885 0.710882 0.000314741 0.728537 
178 0.000114815 0.94542 0.000239039 0.805764 5.77988e-05 0.71094 8.28708e-05 0.72862 
179 0.000836151 0.946257 0.00247455 0.808239 0.00221316 0.713153 0.000343626 0.728963 
180 0.000112758 0.946369 0.000237194 0.808476 6.0358e-05 0.713214 7.62666e-05 0.72904 
181 0.00081773 0.947187 0.00243585 0.810912 0.0022165 0.71543 0.000372851 0.729413 
182 0.000110755 0.947298 0.00023535 0.811147 6.28904e-05 0.715493 7.00213e-05 0.729483 
183 0.000799835 0.948098 0.0023978 0.813545 0.00221889 0.717712 0.00040233 0.729885 
184 0.000108802 0.948206 0.000233507 0.813779 6.53935e-05 0.717777 6.41236e-05 0.729949 
185 0.000782446 0.948989 0.00236041 0.816139 0.00222038 0.719998 0.000431979 0.730381 
186 0.000106898 0.949096 0.000231666 0.816371 6.7865e-05 0.720066 5.85625e-05 0.73044 
187 0.000765545 0.949861 0.00232365 0.818694 0.002221 0.722287 0.000461724 0.730901 
188 0.000105041 0.949966 0.000229828 0.818924 7.0303e-05 0.722357 5.3327e-05 0.730955 
189 0.000749114 0.950715 0.00228753 0.821212 0.00222079 0.724578 0.000491495 0.731446 
190 0.000103231 0.950819 0.000227994 0.82144 7.27055e-05 0.72465 4.84062e-05 0.731495 
191 0.000733136 0.951552 0.00225202 0.823692 0.00221979 0.72687 0.000521228 0.732016 
192 0.000101464 0.951653 0.000226164 0.823918 7.5071e-05 0.726945 4.37894e-05 0.73206 
193 0.000717595 0.952371 0.00221711 0.826135 0.00221803 0.729163 0.000550864 0.73261 
194 9.97411e-05 0.952471 0.00022434 0.826359 7.73981e-05 0.729241 3.94663e-05 0.73265 
195 0.000702476 0.953173 0.00218281 0.828542 0.00221553 0.731456 0.000580347 0.73323 
196 9.80592e-05 0.953271 0.000222522 0.828765 7.96855e-05 0.731536 3.54263e-05 0.733266 
197 0.000687764 0.953959 0.00214908 0.830914 0.00221234 0.733748 0.000609627 0.733875 
198 9.64175e-05 0.954055 0.000220709 0.831134 8.19321e-05 0.73383 3.16595e-05 0.733907 
199 0.000673444 0.954729 0.00211593 0.83325 0.00220848 0.736039 0.000638658 0.734546 
200 9.48146e-05 0.954824 0.000218904 0.833469 8.41371e-05 0.736123 2.81558e-05 0.734574 
201 0.000659505 0.955483 0.00208335 0.835553 0.00220398 0.738327 0.000667398 0.735241 
202 9.32493e-05 0.955576 0.000217107 0.83577 8.62995e-05 0.738413 2.49057e-05 0.735266 
203 0.000645932 0.956222 0.00205131 0.837821 0.00219888 0.740612 0.000695808 0.735962 
204 9.17204e-05 0.956314 0.000215318 0.838036 8.84189e-05 0.7407 2.18995e-05 0.735984 
205 0.000632713 0.956947 0.00201983 0.840056 0.00219319 0.742894 0.000723852 0.736708 
206 9.02268e-05 0.957037 0.000213537 0.84027 9.04945e-05 0.742984 1.9128e-05 0.736727 
207 0.000619837 0.957657 0.00198887 0.842259 0.00218695 0.745171 0.0007515 0.737478 
208 8.87675e-05 0.957746 0.000211765 0.84247 9.2526e-05 0.745264 1.65822e-05 0.737495 
209 0.000607292 0.958353 0.00195844 0.844429 0.00218017 0.747444 0.000778721 0.738274 
210 8.73412e-05 0.95844 0.000210002 0.844639 9.4513e-05 0.747538 1.42532e-05 0.738288 
211 0.000595067 0.959035 0.00192853 0.846567 0.00217289 0.749711 0.00080549 0.739093 
212 8.59472e-05 0.959121 0.000208248 0.846776 9.64553e-05 0.749808 1.21325e-05 0.739105 
213 0.000583152 0.959704 0.00189911 0.848675 0.00216514 0.751973 0.000831784 0.739937 
214 8.45843e-05 0.959789 0.000206505 0.848881 9.83527e-05 0.752071 1.02116e-05 0.739947 
215 0.000571537 0.960361 0.0018702 0.850751 0.00215692 0.754228 0.000857581 0.740805 
216 8.32516e-05 0.960444 0.000204772 0.850956 0.000100205 0.754328 8.48242e-06 0.740814 
217 0.000560212 0.961004 0.00184177 0.852798 0.00214827 0.756476 0.000882862 0.741696 
218 8.19483e-05 0.961086 0.000203049 0.853001 0.000102013 0.756578 6.93704e-06 0.741703 
219 0.000549168 0.961635 0.00181382 0.854815 0.00213921 0.758718 0.000907612 0.742611 
220 8.06735e-05 0.961716 0.000201338 0.855016 0.000103775 0.758821 5.56777e-06 0.742617 
221 0.000538396 0.962254 0.00178634 0.856802 0.00212975 0.760951 0.000931816 0.743548 
222 7.94263e-05 0.962334 0.000199637 0.857002 0.000105493 0.761057 4.36712e-06 0.743553 
223 0.000527888 0.962861 0.00175932 0.858761 0.00211992 0.763177 0.000955461 0.744508 
224 7.8206e-05 0.96294 0.000197947 0.858959 0.000107166 0.763284 3.32784e-06 0.744511 
225 0.000517635 0.963457 0.00173274 0.860692 0.00210974 0.765394 0.000978536 0.74549 
226 7.70117e-05 0.963534 0.000196268 0.860888 0.000108795 0.765502 2.4429e-06 0.745492 
227 0.000507629 0.964042 0.00170662 0.862595 0.00209923 0.767602 0.00100103 0.746493 
228 7.58428e-05 0.964118 0.000194601 0.86279 0.000110379 0.767712 1.70547e-06 0.746495 
229 0.000497864 0.964616 0.00168092 0.86447 0.0020884 0.7698 0.00102294 0.747518 
230 7.46985e-05 0.96469 0.000192946 0.864663 0.000111919 0.769912 1.10894e-06 0.747519 
231 0.000488331 0.965179 0.00165566 0.866319 0.00207727 0.77199 0.00104426 0.748564 
232 7.35782e-05 0.965252 0.000191302 0.86651 0.000113416 0.772103 6.46906e-07 0.748564 
233 0.000479024 0.965731 0.00163081 0.868141 0.00206585 0.774169 0.00106498 0.749629 
234 7.24811e-05 0.965804 0.000189671 0.868331 0.00011487 0.774284 3.13165e-07 0.749629 
235 0.000469935 0.966274 0.00160637 0.869937 0.00205418 0.776338 0.0010851 0.750715 
236 7.14066e-05 0.966345 0.000188051 0.870125 0.000116281 0.776454 1.01719e-07 0.750715 
237 0.000461059 0.966806 0.00158234 0.871708 0.00204225 0.778496 0.00110462 0.751819 
238 7.03541e-05 0.966877 0.000186444 0.871894 0.00011765 0.778614 6.76e-09 0.751819 
239 0.00045239 0.967329 0.0015587 0.873453 0.00203008 0.780644 0.00112353 0.752943 
240 6.9323e-05 0.967398 0.000184848 0.873638 0.000118977 0.780763 2.26751e-08 0.752943 
241 0.00044392 0.967842 0.00153546 0.875173 0.00201769 0.782781 0.00114184 0.754085 
242 6.83128e-05 0.96791 0.000183265 0.875356 0.000120262 0.782901 1.44037e-07 0.754085 
243 0.000435644 0.968346 0.00151259 0.876869 0.0020051 0.784906 0.00115955 0.755244 
244 6.73228e-05 0.968413 0.000181694 0.877051 0.000121506 0.785028 3.65603e-07 0.755245 
245 0.000427558 0.968841 0.0014901 0.878541 0.00199231 0.78702 0.00117665 0.756421 
246 6.63525e-05 0.968907 0.000180136 0.878721 0.00012271 0.787143 6.82308e-07 0.756422 
247 0.000419654 0.969327 0.00146797 0.880189 0.00197934 0.789122 0.00119315 0.757615 
248 6.54014e-05 0.969392 0.00017859 0.880367 0.000123874 0.789246 1.08926e-06 0.757616 
249 0.000411928 0.969804 0.00144621 0.881814 0.0019662 0.791212 0.00120906 0.758825 
250 6.4469e-05 0.969869 0.000177056 0.881991 0.000124999 0.791337 1.58174e-06 0.758827 
251 0.000404376 0.970273 0.0014248 0.883415 0.00195291 0.79329 0.00122437 0.760051 
252 6.35549e-05 0.970337 0.000175535 0.883591 0.000126085 0.793416 2.15519e-06 0.760053 
253 0.000396991 0.970734 0.00140373 0.884995 0.00193946 0.795356 0.00123909 0.761293 
254 6.26584e-05 0.970796 0.000174026 0.885169 0.000127132 0.795483 2.80522e-06 0.761295 
255 0.00038977 0.971186 0.00138301 0.886552 0.00192588 0.797409 0.00125322 0.762549 
256 6.17793e-05 0.971248 0.000172529 0.886724 0.000128142 0.797537 3.5276e-06 0.762552 
257 0.000382708 0.971631 0.00136263 0.888087 0.00191218 0.799449 0.00126678 0.763819 
258 6.0917e-05 0.971692 0.000171045 0.888258 0.000129115 0.799578 4.31823e-06 0.763823 
259 0.000375801 0.972067 0.00134257 0.889601 0.00189836 0.801476 0.00127976 0.765103 
260 6.00711e-05 0.972127 0.000169573 0.88977 0.000130052 0.801606 5.17318e-06 0.765108 
261 0.000369043 0.972496 0.00132283 0.891093 0.00188444 0.803491 0.00129217 0.7664 
262 5.92412e-05 0.972556 0.000168114 0.891261 0.000130952 0.803622 6.08867e-06 0.766406 
263 0.000362432 0.972918 0.00130341 0.892565 0.00187042 0.805492 0.00130402 0.76771 
264 5.84269e-05 0.972977 0.000166667 0.892731 0.000131817 0.805624 7.06104e-06 0.767717 
265 0.000355963 0.973333 0.0012843 0.894015 0.00185632 0.80748 0.00131532 0.769033 
266 5.76278e-05 0.97339 0.000165233 0.894181 0.000132648 0.807613 8.08677e-06 0.769041 
267 0.000349633 0.97374 0.0012655 0.895446 0.00184214 0.809455 0.00132607 0.770367 
268 5.68436e-05 0.973797 0.00016381 0.89561 0.000133444 0.809589 9.16249e-06 0.770376 
269 0.000343437 0.97414 0.001247 0.896857 0.00182788 0.811416 0.00133628 0.771712 
270 5.60738e-05 0.974196 0.0001624 0.897019 0.000134207 0.811551 1.02849e-05 0.771723 
271 0.000337373 0.974534 0.00122879 0.898248 0.00181357 0.813364 0.00134596 0.773069 
272 5.53182e-05 0.974589 0.000161002 0.898409 0.000134936 0.813499 1.1451e-05 0.77308 
273 0.000331436 0.97492 0.00121087 0.89962 0.0017992 0.815298 0.00135512 0.774435 
274 5.45763e-05 0.974975 0.000159617 0.89978 0.000135634 0.815434 1.26576e-05 0.774448 
275 0.000325624 0.9753 0.00119323 0.900973 0.00178478 0.817219 0.00136376 0.775812 
276 5.38479e-05 0.975354 0.000158243 0.901131 0.000136299 0.817355 1.39019e-05 0.775826 
277 0.000319932 0.975674 0.00117588 0.902307 0.00177032 0.819125 0.00137189 0.777197 
278 5.31326e-05 0.975727 0.000156882 0.902464 0.000136934 0.819262 1.51812e-05 0.777213 
279 0.000314359 0.976042 0.00115879 0.903623 0.00175583 0.821018 0.00137952 0.778592 
280 5.24301e-05 0.976094 0.000155532 0.903778 0.000137538 0.821156 1.64927e-05 0.778609 
281 0.000308901 0.976403 0.00114198 0.90492 0.00174132 0.822897 0.00138667 0.779995 
282 5.17402e-05 0.976455 0.000154195 0.905074 0.000138112 0.823035 1.78339e-05 0.780013 
283 0.000303555 0.976758 0.00112543 0.9062 0.00172678 0.824762 0.00139333 0.781406 
284 5.10624e-05 0.976809 0.000152869 0.906353 0.000138656 0.824901 1.92023e-05 0.781426 
285 0.000298318 0.977108 0.00110914 0.907462 0.00171222 0.826613 0.00139951 0.782825 
286 5.03966e-05 0.977158 0.000151555 0.907613 0.000139171 0.826752 2.05955e-05 0.782846 
287 0.000293187 0.977451 0.0010931 0.908707 0.00169766 0.82845 0.00140524 0.784251 
288 4.97425e-05 0.977501 0.000150253 0.908857 0.000139659 0.828589 2.20113e-05 0.784273 
289 0.00028816 0.977789 0.00107731 0.909934 0.00168309 0.830272 0.0014105 0.785684 
290 4.90997e-05 0.977838 0.000148963 0.910083 0.000140118 0.830413 2.34476e-05 0.785707 
291 0.000283235 0.978122 0.00106177 0.911145 0.00166853 0.832081 0.00141533 0.787122 
292 4.8468e-05 0.97817 0.000147684 0.911292 0.000140551 0.832222 2.49022e-05 0.787147 
293 0.000278408 0.978448 0.00104647 0.912339 0.00165396 0.833876 0.00141971 0.788567 
294 4.78473e-05 0.978496 0.000146417 0.912485 0.000140956 0.834017 2.63731e-05 0.788593 
295 0.000273677 0.97877 0.0010314 0.913517 0.00163941 0.835656 0.00142367 0.790017 
296 4.72371e-05 0.978817 0.000145161 0.913662 0.000141336 0.835797 2.78585e-05 0.790045 
297 0.00026904 0.979086 0.00101657 0.914679 0.00162488 0.837422 0.0014272 0.791472 
298 4.66374e-05 0.979133 0.000143917 0.914822 0.00014169 0.837564 2.93565e-05 0.791501 
299 0.000264495 0.979397 0.00100197 0.915824 0.00161036 0.839174 0.00143033 0.792932 
300 4.60478e-05 0.979443 0.000142683 0.915967 0.000142019 0.839316 3.08653e-05 0.792963 
301 0.000260039 0.979703 0.00098759 0.916955 0.00159587 0.840912 0.00143305 0.794396 
302 4.54682e-05 0.979749 0.000141461 0.917096 0.000142324 0.841054 3.23833e-05 0.794428 
303 0.00025567 0.980005 0.000973433 0.91807 0.00158141 0.842636 0.00143538 0.795863 
304 4.48982e-05 0.98005 0.000140251 0.91821 0.000142605 0.842778 3.39088e-05 0.795897 
305 0.000251386 0.980301 0.000959492 0.919169 0.00156697 0.844345 0.00143733 0.797335 
306 4.43378e-05 0.980345 0.000139051 0.919308 0.000142862 0.844488 3.54404e-05 0.79737 
307 0.000247186 0.980592 0.000945765 0.920254 0.00155258 0.846041 0.0014389 0.798809 
308 4.37867e-05 0.980636 0.000137862 0.920392 0.000143097 0.846184 3.69765e-05 0.798846 
309 0.000243066 0.980879 0.000932246 0.921324 0.00153822 0.847722 0.00144011 0.800286 
310 4.32446e-05 0.980923 0.000136684 0.921461 0.000143309 0.847865 3.85158e-05 0.800325 
311 0.000239026 0.981162 0.000918934 0.92238 0.0015239 0.849389 0.00144096 0.801766 
312 4.27114e-05 0.981204 0.000135517 0.922515 0.000143499 0.849533 4.0057e-05 0.801806 
313 0.000235063 0.981439 0.000905823 0.923421 0.00150962 0.851042 0.00144146 0.803247 
314 4.2187e-05 0.981482 0.000134361 0.923556 0.000143668 0.851186 4.15987e-05 0.803289 
315 0.000231175 0.981713 0.000892911 0.924448 0.0014954 0.852682 0.00144162 0.80473 
316 4.16711e-05 0.981754 0.000133215 0.924582 0.000143815 0.852825 4.31398e-05 0.804773 
317 0.000227361 0.981982 0.000880195 0.925462 0.00148122 0.854307 0.00144145 0.806215 
318 4.11635e-05 0.982023 0.00013208 0.925594 0.000143943 0.854451 4.4679e-05 0.80626 
319 0.00022362 0.982246 0.00086767 0.926462 0.0014671 0.855918 0.00144095 0.8077 
320 4.0664e-05 0.982287 0.000130955 0.926593 0.00014405 0.856062 4.62154e-05 0.807747 
321 0.000219949 0.982507 0.000855334 0.927448 0.00145303 0.857515 0.00144014 0.809187 
322 4.01726e-05 0.982547 0.000129841 0.927578 0.000144138 0.857659 4.77478e-05 0.809235 
323 0.000216346 0.982764 0.000843183 0.928421 0.00143902 0.859098 0.00143902 0.810674 
324 3.9689e-05 0.982803 0.000128736 0.92855 0.000144206 0.859242 4.92752e-05 0.810723 
325 0.000212811 0.983016 0.000831214 0.929381 0.00142507 0.860667 0.0014376 0.81216 
326 3.9213e-05 0.983055 0.000127642 0.929509 0.000144256 0.860811 5.07967e-05 0.812211 
327 0.000209341 0.983265 0.000819424 0.930328 0.00141119 0.862223 0.00143589 0.813647 
328 3.87446e-05 0.983303 0.000126559 0.930455 0.000144288 0.862367 5.23114e-05 0.813699 
329 0.000205936 0.983509 0.000807811 0.931262 0.00139736 0.863764 0.0014339 0.815133 
330 3.82834e-05 0.983548 0.000125485 0.931388 0.000144302 0.863909 5.38185e-05 0.815187 
331 0.000202593 0.98375 0.00079637 0.932184 0.00138361 0.865292 0.00143163 0.816619 
332 3.78295e-05 0.983788 0.000124421 0.932309 0.000144299 0.865436 5.5317e-05 0.816674 
333 0.000199312 0.983987 0.0007851 0.933094 0.00136992 0.866806 0.0014291 0.818103 
334 3.73827e-05 0.984025 0.000123367 0.933217 0.000144278 0.866951 5.68064e-05 0.81816 
335 0.000196091 0.984221 0.000773997 0.933991 0.00135631 0.868307 0.0014263 0.819586 
336 3.69427e-05 0.984258 0.000122322 0.934113 0.000144241 0.868451 5.82857e-05 0.819645 
337 0.000192928 0.984451 0.000763058 0.934876 0.00134276 0.869794 0.00142325 0.821068 
338 3.65096e-05 0.984487 0.000121288 0.934998 0.000144188 0.869938 5.97544e-05 0.821128 
339 0.000189823 0.984677 0.000752281 0.93575 0.00132929 0.871267 0.00141996 0.822548 
340 3.6083e-05 0.984713 0.000120262 0.93587 0.000144119 0.871412 6.12118e-05 0.822609 
341 0.000186774 0.9849 0.000741664 0.936612 0.00131589 0.872727 0.00141642 0.824025 
342 3.5663e-05 0.984936 0.000119247 0.936731 0.000144035 0.872871 6.26573e-05 0.824088 
343 0.00018378 0.985119 0.000731202 0.937462 0.00130257 0.874174 0.00141266 0.825501 
344 3.52493e-05 0.985155 0.000118241 0.937581 0.000143936 0.874318 6.40903e-05 0.825565 
345 0.00018084 0.985335 0.000720894 0.938302 0.00128933 0.875607 0.00140867 0.826973 
346 3.48419e-05 0.98537 0.000117244 0.938419 0.000143822 0.875751 6.55102e-05 0.827039 
347 0.000177952 0.985548 0.000710738 0.93913 0.00127616 0.877027 0.00140447 0.828443 
348 3.44406e-05 0.985583 0.000116256 0.939246 0.000143694 0.877171 6.69165e-05 0.82851 
349 0.000175116 0.985758 0.00070073 0.939946 0.00126308 0.878434 0.00140005 0.82991 
350 3.40454e-05 0.985792 0.000115277 0.940062 0.000143552 0.878578 6.83088e-05 0.829979 
351 0.00017233 0.985964 0.000690869 0.940753 0.00125008 0.879828 0.00139543 0.831374 
352 3.3656e-05 0.985998 0.000114308 0.940867 0.000143397 0.879971 6.96867e-05 0.831444 
353 0.000169593 0.986167 0.000681151 0.941548 0.00123715 0.881208 0.00139061 0.832834 
354 3.32724e-05 0.986201 0.000113347 0.941661 0.000143228 0.881351 7.10496e-05 0.832905 
355 0.000166905 0.986368 0.000671575 0.942333 0.00122432 0.882576 0.00138561 0.834291 
356 3.28944e-05 0.9864 0.000112395 0.942445 0.000143046 0.882719 7.23972e-05 0.834363 
357 0.000164263 0.986565 0.000662138 0.943108 0.00121156 0.88393 0.00138041 0.835744 
358 3.2522e-05 0.986597 0.000111453 0.943219 0.000142852 0.884073 7.37291e-05 0.835817 
359 0.000161668 0.986759 0.000652837 0.943872 0.00119889 0.885272 0.00137504 0.837193 
360 3.21551e-05 0.986791 0.000110518 0.943982 0.000142646 0.885415 7.5045e-05 0.837268 
361 0.000159118 0.98695 0.000643672 0.944626 0.00118631 0.886601 0.0013695 0.838637 
362 3.17935e-05 0.986982 0.000109593 0.944736 0.000142428 0.886744 7.63445e-05 0.838713 
363 0.000156613 0.987139 0.000634639 0.94537 0.00117381 0.887917 0.00136379 0.840077 
364 3.14372e-05 0.98717 0.000108676 0.945479 0.000142198 0.88806 7.76274e-05 0.840155 
365 0.000154151 0.987324 0.000625736 0.946105 0.00116139 0.889221 0.00135791 0.841513 
366 3.1086e-05 0.987355 0.000107767 0.946212 0.000141957 0.889363 7.88934e-05 0.841592 
367 0.000151731 0.987507 0.000616962 0.946829 0.00114907 0.890512 0.00135189 0.842944 
368 3.07398e-05 0.987538 0.000106867 0.946936 0.000141705 0.890654 8.01423e-05 0.843024 
369 0.000149353 0.987687 0.000608314 0.947545 0.00113683 0.89179 0.00134571 0.844369 
370 3.03987e-05 0.987718 0.000105975 0.947651 0.000141443 0.891932 8.13737e-05 0.844451 
371 0.000147016 0.987865 0.00059979 0.94825 0.00112468 0.893057 0.00133939 0.84579 
372 3.00624e-05 0.987895 0.000105091 0.948355 0.00014117 0.893198 8.25876e-05 0.845873 
373 0.000144719 0.988039 0.000591388 0.948947 0.00111262 0.89431 0.00133293 0.847206 
374 2.97308e-05 0.988069 0.000104216 0.949051 0.000140887 0.894451 8.37837e-05 0.847289 
375 0.00014246 0.988212 0.000583106 0.949634 0.00110065 0.895552 0.00132634 0.848616 
376 2.9404e-05 0.988241 0.000103348 0.949737 0.000140594 0.895693 8.49618e-05 0.848701 
377 0.000140241 0.988381 0.000574942 0.950312 0.00108876 0.896781 0.00131962 0.85002 
378 2.90817e-05 0.98841 0.000102489 0.950415 0.000140292 0.896922 8.61218e-05 0.850106 
379 0.000138058 0.988548 0.000566895 0.950982 0.00107697 0.897999 0.00131277 0.851419 
380 2.8764e-05 0.988577 0.000101637 0.951083 0.00013998 0.898139 8.72636e-05 0.851507 
381 0.000135913 0.988713 0.000558963 0.951642 0.00106526 0.899204 0.00130581 0.852812 
382 2.84507e-05 0.988741 0.000100793 0.951743 0.00013966 0.899343 8.8387e-05 0.852901 
383 0.000133804 0.988875 0.000551143 0.952294 0.00105365 0.900397 0.00129873 0.854199 
384 2.81418e-05 0.988903 9.99574e-05 0.952394 0.00013933 0.900536 8.94919e-05 0.854289 
385 0.00013173 0.989035 0.000543434 0.952938 0.00104213 0.901579 0.00129155 0.85558 
386 2.78372e-05 0.989063 9.91291e-05 0.953037 0.000138993 0.901718 9.05782e-05 0.855671 
387 0.000129691 0.989193 0.000535834 0.953573 0.00103069 0.902748 0.00128426 0.856955 
388 2.75368e-05 0.98922 9.83083e-05 0.953671 0.000138646 0.902887 9.16459e-05 0.857047 
389 0.000127685 0.989348 0.000528342 0.954199 0.00101935 0.903906 0.00127687 0.858324 
390 2.72405e-05 0.989375 9.7495e-05 0.954297 0.000138292 0.904045 9.2695e-05 0.858417 
391 0.000125713 0.989501 0.000520955 0.954818 0.0010081 0.905053 0.00126939 0.859686 
392 2.69482e-05 0.989528 9.66892e-05 0.954915 0.000137931 0.905191 9.37252e-05 0.85978 
393 0.000123774 0.989652 0.000513673 0.955428 0.000996935 0.906187 0.00126181 0.861041 
394 2.666e-05 0.989678 9.58907e-05 0.955524 0.000137561 0.906325 9.47367e-05 0.861136 
395 0.000121867 0.9898 0.000506493 0.956031 0.000985863 0.907311 0.00125415 0.86239 
396 2.63756e-05 0.989826 9.50995e-05 0.956126 0.000137185 0.907448 9.57293e-05 0.862486 
397 0.000119991 0.989946 0.000499414 0.956625 0.000974881 0.908423 0.00124641 0.863732 
398 2.60951e-05 0.989973 9.43156e-05 0.956719 0.000136801 0.90856 9.67032e-05 0.863829 
399 0.000118146 0.990091 0.000492434 0.957212 0.00096399 0.909524 0.00123859 0.865068 
400 2.58184e-05 0.990116 9.35388e-05 0.957305 0.00013641 0.90966 9.76582e-05 0.865165 
401 0.000116331 0.990233 0.000485552 0.957791 0.000953189 0.910613 0.00123069 0.866396 
402 2.55454e-05 0.990258 9.2769e-05 0.957884 0.000136013 0.910749 9.85943e-05 0.866495 
403 0.000114546 0.990373 0.000478766 0.958362 0.000942478 0.911692 0.00122272 0.867717 
404 2.52761e-05 0.990398 9.20063e-05 0.958454 0.000135609 0.911827 9.95117e-05 0.867817 
405 0.00011279 0.990511 0.000472076 0.958927 0.000931858 0.912759 0.00121469 0.869032 
406 2.50103e-05 0.990536 9.12505e-05 0.959018 0.000135199 0.912895 0.00010041 0.869132 
407 0.000111062 0.990647 0.000465478 0.959483 0.000921327 0.913816 0.00120659 0.870339 
408 2.47481e-05 0.990672 9.05016e-05 0.959574 0.000134784 0.913951 0.00010129 0.87044 
409 0.000109363 0.990781 0.000458973 0.960033 0.000910886 0.914862 0.00119843 0.871638 
410 2.44893e-05 0.990806 8.97594e-05 0.960122 0.000134362 0.914996 0.000102151 0.871741 
411 0.000107691 0.990913 0.000452558 0.960575 0.000900535 0.915896 0.00119022 0.872931 
412 2.4234e-05 0.990938 8.9024e-05 0.960664 0.000133934 0.91603 0.000102994 0.873034 
413 0.000106046 0.991044 0.000446232 0.96111 0.000890273 0.916921 0.00118195 0.874216 
414 2.3982e-05 0.991068 8.82953e-05 0.961199 0.000133501 0.917054 0.000103818 0.87432 
415 0.000104427 0.991172 0.000439993 0.961639 0.0008801 0.917934 0.00117364 0.875493 
416 2.37333e-05 0.991196 8.75731e-05 0.961726 0.000133063 0.918067 0.000104623 0.875598 
417 0.000102834 0.991299 0.000433842 0.96216 0.000870016 0.918937 0.00116528 0.876763 
418 2.34878e-05 0.991322 8.68575e-05 0.962247 0.00013262 0.91907 0.00010541 0.876868 
419 0.000101267 0.991423 0.000427775 0.962675 0.00086002 0.91993 0.00115687 0.878025 
420 2.32456e-05 0.991447 8.61484e-05 0.962761 0.000132172 0.920062 0.000106178 0.878131 
421 9.97245e-05 0.991546 0.000421792 0.963183 0.000850113 0.920912 0.00114843 0.87928 
422 2.30064e-05 0.991569 8.54456e-05 0.963268 0.000131719 0.921044 0.000106929 0.879387 
423 9.82068e-05 0.991668 0.000415892 0.963684 0.000840293 0.921884 0.00113994 0.880527 
424 2.27704e-05 0.99169 8.47492e-05 0.963769 0.000131261 0.922016 0.000107661 0.880634 
425 9.67131e-05 0.991787 0.000410073 0.964179 0.000830562 0.922846 0.00113143 0.881766 
426 2.25373e-05 0.99181 8.4059e-05 0.964263 0.000130799 0.922977 0.000108375 0.881874 
427 9.5243e-05 0.991905 0.000404334 0.964667 0.000820917 0.923798 0.00112288 0.882997 
428 2.23073e-05 0.991927 8.3375e-05 0.964751 0.000130333 0.923928 0.000109071 0.883106 
429 9.37962e-05 0.992021 0.000398674 0.965149 0.00081136 0.924739 0.00111431 0.884221 
430 2.20802e-05 0.992043 8.26972e-05 0.965232 0.000129863 0.924869 0.000109749 0.88433 
431 9.23722e-05 0.992135 0.000393092 0.965625 0.000801889 0.925671 0.0011057 0.885436 
432 2.1856e-05 0.992157 8.20255e-05 0.965707 0.000129389 0.925801 0.000110409 0.885546 
433 9.09705e-05 0.992248 0.000387586 0.966095 0.000792505 0.926593 0.00109708 0.886643 
434 2.16346e-05 0.99227 8.13598e-05 0.966176 0.000128911 0.926722 0.000111052 0.886755 
435 8.95909e-05 0.992359 0.000382155 0.966558 0.000783206 0.927505 0.00108844 0.887843 
436 2.1416e-05 0.992381 8.07e-05 0.966639 0.000128429 0.927634 0.000111677 0.887955 
437 8.82328e-05 0.992469 0.000376799 0.967016 0.000773993 0.928408 0.00107977 0.889034 
438 2.12002e-05 0.99249 8.00462e-05 0.967096 0.000127944 0.928536 0.000112285 0.889147 
439 8.68959e-05 0.992577 0.000371516 0.967467 0.000764865 0.9293 0.0010711 0.890218 
440 2.0987e-05 0.992598 7.93982e-05 0.967547 0.000127455 0.929428 0.000112876 0.890331 
441 8.55798e-05 0.992684 0.000366306 0.967913 0.000755822 0.930184 0.00106241 0.891393 
442 2.07765e-05 0.992704 7.87559e-05 0.967992 0.000126963 0.930311 0.000113449 0.891507 
443 8.42841e-05 0.992789 0.000361166 0.968353 0.000746862 0.931058 0.0010537 0.89256 
444 2.05687e-05 0.992809 7.81194e-05 0.968431 0.000126468 0.931184 0.000114006 0.892674 
445 8.30086e-05 0.992892 0.000356096 0.968787 0.000737987 0.931922 0.00104499 0.893719 
446 2.03634e-05 0.992913 7.74886e-05 0.968864 0.000125971 0.932048 0.000114545 0.893834 
447 8.17528e-05 0.992994 0.000351095 0.969216 0.000729195 0.932777 0.00103628 0.89487 
448 2.01607e-05 0.993015 7.68634e-05 0.969292 0.00012547 0.932903 0.000115068 0.894985 
449 8.05163e-05 0.993095 0.000346162 0.969639 0.000720486 0.933623 0.00102756 0.896013 
450 1.99604e-05 0.993115 7.62437e-05 0.969715 0.000124967 0.933748 0.000115574 0.896128 
451 7.92989e-05 0.993194 0.000341297 0.970056 0.000711859 0.93446 0.00101883 0.897147 
452 1.97626e-05 0.993214 7.56295e-05 0.970132 0.000124461 0.934584 0.000116064 0.897263 
453 7.81002e-05 0.993292 0.000336497 0.970468 0.000703314 0.935288 0.00101011 0.898273 
454 1.95673e-05 0.993312 7.50208e-05 0.970543 0.000123952 0.935412 0.000116538 0.89839 
455 7.69199e-05 0.993389 0.000331762 0.970875 0.000694851 0.936107 0.00100139 0.899391 
456 1.93743e-05 0.993408 7.44174e-05 0.970949 0.000123442 0.93623 0.000116995 0.899508 
457 7.57577e-05 0.993484 0.000327091 0.971277 0.000686468 0.936916 0.00099267 0.900501 
458 1.91836e-05 0.993503 7.38194e-05 0.97135 0.000122929 0.937039 0.000117437 0.900618 
459 7.46132e-05 0.993578 0.000322483 0.971673 0.000678167 0.937718 0.000983958 0.901602 
460 1.89953e-05 0.993597 7.32266e-05 0.971746 0.000122414 0.93784 0.000117863 0.90172 
461 7.34862e-05 0.99367 0.000317938 0.972064 0.000669945 0.93851 0.000975253 0.902695 
462 1.88093e-05 0.993689 7.26391e-05 0.972137 0.000121897 0.938632 0.000118273 0.902814 
463 7.23763e-05 0.993761 0.000313453 0.97245 0.000661803 0.939294 0.000966557 0.90378 
464 1.86255e-05 0.99378 7.20568e-05 0.972522 0.000121378 0.939415 0.000118668 0.903899 
465 7.12832e-05 0.993851 0.00030903 0.972831 0.00065374 0.940069 0.000957872 0.904857 
466 1.84438e-05 0.99387 7.14796e-05 0.972903 0.000120857 0.94019 0.000119047 0.904976 
467 7.02068e-05 0.99394 0.000304666 0.973207 0.000645755 0.940835 0.000949199 0.905925 
468 1.82644e-05 0.993958 7.09074e-05 0.973278 0.000120334 0.940956 0.000119411 0.906044 
469 6.91466e-05 0.994027 0.00030036 0.973579 0.000637849 0.941594 0.00094054 0.906985 
470 1.80871e-05 0.994045 7.03403e-05 0.973649 0.00011981 0.941713 0.00011976 0.907105 
471 6.81024e-05 0.994113 0.000296113 0.973945 0.00063002 0.942343 0.000931897 0.908037 
472 1.79119e-05 0.994131 6.97782e-05 0.974015 0.000119285 0.942463 0.000120095 0.908157 
473 6.7074e-05 0.994198 0.000291922 0.974307 0.000622268 0.943085 0.00092327 0.90908 
474 1.77388e-05 0.994216 6.92209e-05 0.974376 0.000118758 0.943204 0.000120414 0.9092 
475 6.6061e-05 0.994282 0.000287788 0.974664 0.000614592 0.943818 0.000914662 0.910115 
476 1.75677e-05 0.9943 6.86686e-05 0.974732 0.00011823 0.943936 0.000120719 0.910236 
477 6.50632e-05 0.994365 0.000283709 0.975016 0.000606993 0.944543 0.000906074 0.911142 
478 1.73987e-05 0.994382 6.81211e-05 0.975084 0.0001177 0.944661 0.00012101 0.911263 
479 6.40804e-05 0.994446 0.000279685 0.975364 0.000599469 0.945261 0.000897507 0.91216 
480 1.72316e-05 0.994464 6.75783e-05 0.975432 0.00011717 0.945378 0.000121287 0.912282 
481 6.31123e-05 0.994527 0.000275714 0.975707 0.00059202 0.94597 0.000888962 0.913171 
482 1.70665e-05 0.994544 6.70403e-05 0.975774 0.000116638 0.946086 0.000121549 0.913292 
483 6.21587e-05 0.994606 0.000271797 0.976046 0.000584645 0.946671 0.000880441 0.914173 
484 1.69033e-05 0.994623 6.6507e-05 0.976113 0.000116106 0.946787 0.000121798 0.914294 
485 6.12192e-05 0.994684 0.000267932 0.976381 0.000577345 0.947365 0.000871945 0.915166 
486 1.6742e-05 0.994701 6.59783e-05 0.976447 0.000115572 0.94748 0.000122033 0.915288 
487 6.02938e-05 0.994761 0.000264119 0.976711 0.000570117 0.94805 0.000863475 0.916152 
488 1.65826e-05 0.994778 6.54541e-05 0.976776 0.000115038 0.948165 0.000122255 0.916274 
489 5.93821e-05 0.994837 0.000260357 0.977036 0.000562963 0.948728 0.000855033 0.917129 
490 1.6425e-05 0.994854 6.49346e-05 0.977101 0.000114503 0.948843 0.000122463 0.917252 
491 5.8484e-05 0.994912 0.000256645 0.977358 0.00055588 0.949399 0.000846619 0.918098 
492 1.62693e-05 0.994928 6.44195e-05 0.977422 0.000113967 0.949513 0.000122659 0.918221 
493 5.75991e-05 0.994986 0.000252982 0.977675 0.00054887 0.950061 0.000838234 0.919059 
494 1.61153e-05 0.995002 6.39089e-05 0.977739 0.000113431 0.950175 0.000122841 0.919182 
495 5.67274e-05 0.995059 0.000249368 0.977989 0.000541931 0.950717 0.00082988 0.920012 
496 1.59631e-05 0.995075 6.34027e-05 0.978052 0.000112895 0.95083 0.00012301 0.920135 
497 5.58685e-05 0.995131 0.000245802 0.978298 0.000535062 0.951365 0.000821558 0.920956 
498 1.58126e-05 0.995146 6.29009e-05 0.978361 0.000112358 0.951477 0.000123167 0.92108 
499 5.50223e-05 0.995201 0.000242284 0.978603 0.000528264 0.952005 0.000813268 0.921893 
500 1.56639e-05 0.995217 6.24034e-05 0.978666 0.000111821 0.952117 0.000123311 0.922016 
501 5.41885e-05 0.995271 0.000238813 0.978904 0.000521535 0.952639 0.000805011 0.922821 
502 1.55168e-05 0.995287 6.19101e-05 0.978966 0.000111283 0.95275 0.000123443 0.922945 
503 5.3367e-05 0.99534 0.000235387 0.979202 0.000514876 0.953265 0.000796789 0.923741 
504 1.53714e-05 0.995355 6.14211e-05 0.979263 0.000110745 0.953376 0.000123562 0.923865 
505 5.25576e-05 0.995408 0.000232007 0.979495 0.000508285 0.953884 0.000788602 0.924654 
506 1.52276e-05 0.995423 6.09364e-05 0.979556 0.000110207 0.953994 0.00012367 0.924777 
507 5.17601e-05 0.995475 0.000228672 0.979785 0.000501762 0.954496 0.000780451 0.925558 
508 1.50855e-05 0.99549 6.04557e-05 0.979845 0.000109669 0.954606 0.000123766 0.925681 
509 5.09742e-05 0.995541 0.000225381 0.98007 0.000495306 0.955101 0.000772337 0.926454 
510 1.4945e-05 0.995556 5.99792e-05 0.98013 0.000109131 0.95521 0.00012385 0.926578 
511 5.01998e-05 0.995606 0.000222134 0.980353 0.000488918 0.955699 0.000764261 0.927342 
512 1.4806e-05 0.995621 5.95068e-05 0.980412 0.000108593 0.955808 0.000123923 0.927466 
513 4.94367e-05 0.99567 0.00021893 0.980631 0.000482596 0.95629 0.000756223 0.928222 
514 1.46686e-05 0.995685 5.90384e-05 0.98069 0.000108055 0.956398 0.000123984 0.928346 
515 4.86848e-05 0.995734 0.000215768 0.980906 0.000476339 0.956875 0.000748223 0.929094 
516 1.45327e-05 0.995748 5.8574e-05 0.980964 0.000107518 0.956982 0.000124035 0.929218 
517 4.79438e-05 0.995796 0.000212648 0.981177 0.000470149 0.957452 0.000740264 0.929959 
518 1.43983e-05 0.995811 5.81136e-05 0.981235 0.00010698 0.957559 0.000124074 0.930083 
519 4.72135e-05 0.995858 0.00020957 0.981445 0.000464023 0.958023 0.000732345 0.930815 
520 1.42654e-05 0.995872 5.7657e-05 0.981502 0.000106443 0.95813 0.000124102 0.930939 
521 4.64939e-05 0.995919 0.000206532 0.981709 0.000457961 0.958588 0.000724467 0.931663 
522 1.4134e-05 0.995933 5.72044e-05 0.981766 0.000105906 0.958694 0.00012412 0.931788 
523 4.57848e-05 0.995979 0.000203534 0.98197 0.000451963 0.959145 0.000716631 0.932504 
524 1.4004e-05 0.995993 5.67556e-05 0.982026 0.000105369 0.959251 0.000124127 0.932628 
525 4.50859e-05 0.996038 0.000200576 0.982227 0.000446029 0.959697 0.000708837 0.933337 
526 1.38754e-05 0.996052 5.63106e-05 0.982283 0.000104833 0.959802 0.000124124 0.933461 
527 4.43971e-05 0.996096 0.000197657 0.982481 0.000440157 0.960242 0.000701086 0.934162 
528 1.37483e-05 0.99611 5.58694e-05 0.982537 0.000104298 0.960346 0.00012411 0.934287 
529 4.37183e-05 0.996153 0.000194777 0.982732 0.000434348 0.960781 0.000693378 0.93498 
530 1.36225e-05 0.996167 5.54319e-05 0.982787 0.000103763 0.960884 0.000124087 0.935104 
531 4.30493e-05 0.99621 0.000191935 0.982979 0.0004286 0.961313 0.000685714 0.93579 
532 1.34981e-05 0.996224 5.49981e-05 0.983034 0.000103228 0.961416 0.000124053 0.935914 
533 4.23899e-05 0.996266 0.00018913 0.983223 0.000422914 0.961839 0.000678094 0.936592 
534 1.33751e-05 0.996279 5.4568e-05 0.983278 0.000102694 0.961942 0.00012401 0.936716 
535 4.17401e-05 0.996321 0.000186362 0.983464 0.000417288 0.962359 0.000670519 0.937386 
536 1.32534e-05 0.996334 5.41415e-05 0.983518 0.000102161 0.962461 0.000123957 0.93751 
537 4.10996e-05 0.996375 0.000183631 0.983702 0.000411722 0.962873 0.00066299 0.938173 
538 1.3133e-05 0.996389 5.37186e-05 0.983756 0.000101628 0.962975 0.000123895 0.938297 
539 4.04683e-05 0.996429 0.000180936 0.983936 0.000406216 0.963381 0.000655506 0.938953 
540 1.30139e-05 0.996442 5.32993e-05 0.98399 0.000101097 0.963482 0.000123823 0.939077 
541 3.98461e-05 0.996482 0.000178276 0.984168 0.000400769 0.963883 0.000648067 0.939725 
542 1.28961e-05 0.996495 5.28834e-05 0.984221 0.000100566 0.963983 0.000123743 0.939848 
543 3.92329e-05 0.996534 0.000175651 0.984397 0.000395381 0.964379 0.000640676 0.940489 
544 1.27795e-05 0.996547 5.24711e-05 0.984449 0.000100035 0.964479 0.000123653 0.940613 
545 3.86284e-05 0.996585 0.000173061 0.984622 0.000390051 0.964869 0.000633331 0.941246 
546 1.26642e-05 0.996598 5.20622e-05 0.984674 9.95061e-05 0.964968 0.000123554 0.94137 
547 3.80326e-05 0.996636 0.000170506 0.984845 0.000384779 0.965353 0.000626033 0.941996 
548 1.25502e-05 0.996649 5.16568e-05 0.984896 9.89776e-05 0.965452 0.000123447 0.942119 
549 3.74453e-05 0.996686 0.000167983 0.985064 0.000379564 0.965831 0.000618782 0.942738 
550 1.24373e-05 0.996699 5.12547e-05 0.985116 9.84502e-05 0.96593 0.000123331 0.942861 
551 3.68665e-05 0.996735 0.000165495 0.985281 0.000374406 0.966304 0.00061158 0.943473 
552 1.23256e-05 0.996748 5.0856e-05 0.985332 9.79237e-05 0.966402 0.000123207 0.943596 
553 3.62959e-05 0.996784 0.000163039 0.985495 0.000369303 0.966772 0.000604425 0.9442 
554 1.22151e-05 0.996796 5.04606e-05 0.985545 9.73982e-05 0.966869 0.000123075 0.944323 
555 3.57334e-05 0.996832 0.000160615 0.985706 0.000364257 0.967233 0.000597318 0.944921 
556 1.21058e-05 0.996844 5.00685e-05 0.985756 9.68737e-05 0.96733 0.000122934 0.945044 
557 3.5179e-05 0.996879 0.000158223 0.985914 0.000359265 0.967689 0.00059026 0.945634 
558 1.19977e-05 0.996891 4.96797e-05 0.985964 9.63503e-05 0.967786 0.000122786 0.945757 
559 3.46325e-05 0.996926 0.000155863 0.98612 0.000354329 0.96814 0.000583251 0.94634 
560 1.18906e-05 0.996938 4.92941e-05 0.986169 9.58281e-05 0.968236 0.000122629 0.946463 
561 3.40938e-05 0.996972 0.000153534 0.986323 0.000349446 0.968585 0.00057629 0.947039 
562 1.17847e-05 0.996984 4.89117e-05 0.986372 9.5307e-05 0.968681 0.000122465 0.947161 
563 3.35628e-05 0.997017 0.000151235 0.986523 0.000344618 0.969025 0.000569379 0.947731 
564 1.16799e-05 0.997029 4.85325e-05 0.986571 9.4787e-05 0.96912 0.000122293 0.947853 
565 3.30393e-05 0.997062 0.000148967 0.98672 0.000339842 0.96946 0.000562517 0.948416 
566 1.15762e-05 0.997074 4.81564e-05 0.986769 9.42682e-05 0.969554 0.000122114 0.948538 
567 3.25232e-05 0.997106 0.000146729 0.986915 0.00033512 0.969889 0.000555705 0.949093 
568 1.14735e-05 0.997118 4.77835e-05 0.986963 9.37507e-05 0.969983 0.000121927 0.949215 
569 3.20145e-05 0.99715 0.00014452 0.987108 0.000330449 0.970313 0.000548942 0.949764 
570 1.1372e-05 0.997161 4.74136e-05 0.987155 9.32344e-05 0.970407 0.000121734 0.949886 
571 3.15131e-05 0.997192 0.00014234 0.987297 0.000325831 0.970733 0.000542229 0.950428 
572 1.12715e-05 0.997204 4.70467e-05 0.987344 9.27194e-05 0.970825 0.000121533 0.95055 
573 3.10187e-05 0.997235 0.00014019 0.987485 0.000321264 0.971146 0.000535565 0.951085 
574 1.1172e-05 0.997246 4.66829e-05 0.987531 9.22057e-05 0.971239 0.000121325 0.951207 
575 3.05314e-05 0.997276 0.000138067 0.987669 0.000316748 0.971555 0.000528952 0.951736 
576 1.10735e-05 0.997288 4.63221e-05 0.987716 9.16934e-05 0.971647 0.000121111 0.951857 
577 3.0051e-05 0.997318 0.000135973 0.987852 0.000312282 0.971959 0.000522389 0.952379 
578 1.09761e-05 0.997329 4.59643e-05 0.987898 9.11823e-05 0.972051 0.00012089 0.9525 
579 2.95774e-05 0.997358 0.000133906 0.988031 0.000307867 0.972358 0.000515876 0.953016 
580 1.08796e-05 0.997369 4.56094e-05 0.988077 9.06727e-05 0.972449 0.000120662 0.953137 
581 2.91105e-05 0.997398 0.000131866 0.988209 0.000303501 0.972753 0.000509414 0.953646 
582 1.07841e-05 0.997409 4.52574e-05 0.988254 9.01645e-05 0.972843 0.000120428 0.953766 
583 2.86502e-05 0.997438 0.000129853 0.988384 0.000299184 0.973142 0.000503001 0.954269 
584 1.06897e-05 0.997448 4.49083e-05 0.988429 8.96577e-05 0.973232 0.000120188 0.95439 
585 2.81965e-05 0.997476 0.000127867 0.988557 0.000294916 0.973527 0.000496639 0.954886 
586 1.05961e-05 0.997487 4.4562e-05 0.988601 8.91523e-05 0.973616 0.000119941 0.955006 
587 2.77492e-05 0.997515 0.000125907 0.988727 0.000290696 0.973906 0.000490328 0.955496 
588 1.05035e-05 0.997525 4.42186e-05 0.988771 8.86484e-05 0.973995 0.000119689 0.955616 
589 2.73082e-05 0.997553 0.000123973 0.988895 0.000286523 0.974282 0.000484067 0.9561 
590 1.04119e-05 0.997563 4.3878e-05 0.988939 8.8146e-05 0.97437 0.00011943 0.95622 
591 2.68734e-05 0.99759 0.000122065 0.989061 0.000282399 0.974652 0.000477856 0.956698 
592 1.03212e-05 0.9976 4.35401e-05 0.989105 8.76452e-05 0.97474 0.000119166 0.956817 
593 2.64448e-05 0.997627 0.000120182 0.989225 0.000278321 0.975018 0.000471696 0.957288 
594 1.02314e-05 0.997637 4.32051e-05 0.989268 8.71458e-05 0.975105 0.000118896 0.957407 
595 2.60223e-05 0.997663 0.000118324 0.989387 0.000274289 0.97538 0.000465586 0.957873 
596 1.01425e-05 0.997673 4.28727e-05 0.98943 8.6648e-05 0.975466 0.00011862 0.957991 
597 2.56057e-05 0.997699 0.00011649 0.989546 0.000270304 0.975736 0.000459527 0.958451 
598 1.00545e-05 0.997709 4.25431e-05 0.989589 8.61517e-05 0.975823 0.000118339 0.958569 
599 2.5195e-05 0.997734 0.000114681 0.989703 0.000266364 0.976089 0.000453518 0.959023 
600 9.96733e-06 0.997744 4.22161e-05 0.989745 8.5657e-05 0.976175 0.000118053 0.959141 
601 2.47901e-05 0.997769 0.000112895 0.989858 0.000262469 0.976437 0.00044756 0.959588 
602 9.88107e-06 0.997779 4.18918e-05 0.9899 8.51639e-05 0.976522 0.000117761 0.959706 
603 2.4391e-05 0.997803 0.000111133 0.990011 0.000258619 0.976781 0.000441651 0.960148 
604 9.79567e-06 0.997813 4.15701e-05 0.990053 8.46724e-05 0.976866 0.000117465 0.960265 
605 2.39975e-05 0.997837 0.000109395 0.990162 0.000254814 0.97712 0.000435794 0.960701 
606 9.71112e-06 0.997846 4.1251e-05 0.990204 8.41826e-05 0.977205 0.000117163 0.960818 
607 2.36095e-05 0.99787 0.00010768 0.990311 0.000251052 0.977456 0.000429986 0.961248 
608 9.62741e-06 0.99788 4.09345e-05 0.990352 8.36944e-05 0.977539 0.000116856 0.961365 
609 2.32271e-05 0.997903 0.000105987 0.990458 0.000247334 0.977787 0.000424229 0.961789 
610 9.54452e-06 0.997912 4.06205e-05 0.990499 8.32078e-05 0.97787 0.000116545 0.961906 
611 2.285e-05 0.997935 0.000104317 0.990603 0.000243659 0.978114 0.000418521 0.962324 
612 9.46246e-06 0.997945 4.03091e-05 0.990643 8.27229e-05 0.978196 0.000116228 0.962441 
613 2.24783e-05 0.997967 0.000102669 0.990746 0.000240027 0.978436 0.000412864 0.962854 
614 9.3812e-06 0.997977 4.00002e-05 0.990786 8.22397e-05 0.978519 0.000115908 0.962969 
615 2.21118e-05 0.997999 0.000101043 0.990887 0.000236437 0.978755 0.000407257 0.963377 
616 9.30074e-06 0.998008 3.96938e-05 0.990927 8.17582e-05 0.978837 0.000115582 0.963492 
617 2.17505e-05 0.99803 9.94389e-05 0.991026 0.000232889 0.97907 0.000401699 0.963894 
618 9.22107e-06 0.998039 3.93899e-05 0.991066 8.12784e-05 0.979151 0.000115253 0.964009 
619 2.13943e-05 0.99806 9.7856e-05 0.991164 0.000229383 0.97938 0.000396191 0.964405 
620 9.14219e-06 0.99807 3.90883e-05 0.991203 8.08003e-05 0.979461 0.000114919 0.96452 
621 2.10431e-05 0.998091 9.62941e-05 0.991299 0.000225918 0.979687 0.000390733 0.964911 
622 9.06407e-06 0.9981 3.87893e-05 0.991338 8.03239e-05 0.979767 0.00011458 0.965026 
623 2.06969e-05 0.99812 9.47531e-05 0.991432 0.000222493 0.97999 0.000385324 0.965411 
624 8.98671e-06 0.998129 3.84926e-05 0.991471 7.98493e-05 0.98007 0.000114238 0.965525 
625 2.03556e-05 0.99815 9.32326e-05 0.991564 0.000219109 0.980289 0.000379965 0.965905 
626 8.91011e-06 0.998159 3.81982e-05 0.991602 7.93764e-05 0.980368 0.000113892 0.966019 
627 2.00192e-05 0.998179 9.17325e-05 0.991694 0.000215765 0.980584 0.000374654 0.966394 
628 8.83424e-06 0.998187 3.79063e-05 0.991732 7.89053e-05 0.980663 0.000113542 0.966507 
629 1.96875e-05 0.998207 9.02524e-05 0.991822 0.00021246 0.980875 0.000369393 0.966877 
630 8.75912e-06 0.998216 3.76167e-05 0.99186 7.8436e-05 0.980954 0.000113188 0.96699 
631 1.93604e-05 0.998235 8.87922e-05 0.991949 0.000209195 0.981163 0.000364181 0.967354 
632 8.68472e-06 0.998244 3.73293e-05 0.991986 7.79684e-05 0.981241 0.00011283 0.967467 
633 1.90381e-05 0.998263 8.73515e-05 0.992073 0.000205968 0.981447 0.000359018 0.967826 
634 8.61104e-06 0.998272 3.70443e-05 0.99211 7.75027e-05 0.981524 0.000112468 0.967938 
635 1.87202e-05 0.99829 8.59301e-05 0.992196 0.00020278 0.981727 0.000353903 0.968292 
636 8.53806e-06 0.998299 3.67616e-05 0.992233 7.70387e-05 0.981804 0.000112104 0.968404 
637 1.84069e-05 0.998317 8.45278e-05 0.992318 0.00019963 0.982004 0.000348837 0.968753 
638 8.46579e-06 0.998326 3.6481e-05 0.992354 7.65765e-05 0.98208 0.000111735 0.968865 
639 1.80981e-05 0.998344 8.31443e-05 0.992437 0.000196518 0.982277 0.000343819 0.969209 
640 8.39421e-06 0.998352 3.62028e-05 0.992473 7.61162e-05 0.982353 0.000111363 0.96932 
641 1.77936e-05 0.99837 8.17795e-05 0.992555 0.000193443 0.982546 0.00033885 0.969659 
642 8.32331e-06 0.998378 3.59267e-05 0.992591 7.56576e-05 0.982622 0.000110988 0.96977 
643 1.74934e-05 0.998396 8.0433e-05 0.992672 0.000190405 0.982812 0.000333928 0.970104 
644 8.25309e-06 0.998404 3.56528e-05 0.992707 7.52009e-05 0.982888 0.00011061 0.970214 
645 1.71975e-05 0.998421 7.91047e-05 0.992786 0.000187404 0.983075 0.000329054 0.970544 
646 8.18354e-06 0.998429 3.53811e-05 0.992822 7.47461e-05 0.98315 0.000110229 0.970654 
647 1.69058e-05 0.998446 7.77942e-05 0.9929 0.000184439 0.983334 0.000324228 0.970978 
648 8.11466e-06 0.998454 3.51116e-05 0.992935 7.4293e-05 0.983409 0.000109845 0.971088 
649 1.66182e-05 0.998471 7.65015e-05 0.993011 0.00018151 0.98359 0.000319449 0.971407 
650 8.04642e-06 0.998479 3.48441e-05 0.993046 7.38418e-05 0.983664 0.000109457 0.971517 
651 1.63347e-05 0.998495 7.52263e-05 0.993121 0.000178617 0.983843 0.000314717 0.971831 
652 7.97883e-06 0.998503 3.45788e-05 0.993156 7.33925e-05 0.983916 0.000109067 0.971941 
653 1.60553e-05 0.99852 7.39683e-05 0.99323 0.000175759 0.984092 0.000310033 0.972251 
654 7.91188e-06 0.998527 3.43156e-05 0.993264 7.2945e-05 0.984165 0.000108674 0.972359 
655 1.57799e-05 0.998543 7.27274e-05 0.993337 0.000172936 0.984338 0.000305395 0.972665 
656 7.84556e-06 0.998551 3.40545e-05 0.993371 7.24994e-05 0.98441 0.000108278 0.972773 
657 1.55083e-05 0.998567 7.15034e-05 0.993442 0.000170147 0.98458 0.000300805 0.973074 
658 7.77987e-06 0.998574 3.37954e-05 0.993476 7.20556e-05 0.984652 0.00010788 0.973182 
659 1.52407e-05 0.99859 7.02959e-05 0.993546 0.000167393 0.98482 0.00029626 0.973478 
660 7.71479e-06 0.998597 3.35384e-05 0.99358 7.16137e-05 0.984891 0.000107479 0.973585 
661 1.49768e-05 0.998612 6.91049e-05 0.993649 0.000164673 0.985056 0.000291762 0.973877 
662 7.65032e-06 0.99862 3.32833e-05 0.993682 7.11737e-05 0.985127 0.000107076 0.973984 
663 1.47168e-05 0.998635 6.79302e-05 0.99375 0.000161986 0.985289 0.00028731 0.974271 
664 7.58646e-06 0.998642 3.30303e-05 0.993783 7.07355e-05 0.98536 0.00010667 0.974378 
665 1.44604e-05 0.998657 6.67714e-05 0.99385 0.000159332 0.985519 0.000282903 0.974661 
666 7.52319e-06 0.998664 3.27793e-05 0.993883 7.02993e-05 0.985589 0.000106262 0.974767 
667 1.42077e-05 0.998678 6.56285e-05 0.993949 0.000156712 0.985746 0.000278543 0.975046 
668 7.46051e-06 0.998686 3.25302e-05 0.993981 6.98649e-05 0.985816 0.000105852 0.975152 
669 1.39587e-05 0.9987 6.45013e-05 0.994046 0.000154124 0.98597 0.000274227 0.975426 
670 7.39842e-06 0.998707 3.22831e-05 0.994078 6.94324e-05 0.98604 0.00010544 0.975531 
671 1.37132e-05 0.998721 6.33895e-05 0.994141 0.000151568 0.986191 0.000269957 0.975801 
672 7.3369e-06 0.998728 3.20379e-05 0.994173 6.90018e-05 0.98626 0.000105025 0.975906 
673 1.34712e-05 0.998742 6.22929e-05 0.994236 0.000149045 0.986409 0.000265732 0.976172 
674 7.27595e-06 0.998749 3.17946e-05 0.994267 6.8573e-05 0.986478 0.000104609 0.976277 
675 1.32328e-05 0.998762 6.12115e-05 0.994329 0.000146553 0.986624 0.000261552 0.976538 
676 7.21557e-06 0.998769 3.15533e-05 0.99436 6.81462e-05 0.986693 0.00010419 0.976642 
677 1.29977e-05 0.998782 6.01449e-05 0.99442 0.000144092 0.986837 0.000257416 0.9769 
678 7.15574e-06 0.99879 3.13138e-05 0.994452 6.77213e-05 0.986904 0.000103769 0.977004 
679 1.2766e-05 0.998802 5.90931e-05 0.994511 0.000141662 0.987046 0.000253324 0.977257 
680 7.09646e-06 0.998809 3.10762e-05 0.994542 6.72982e-05 0.987113 0.000103347 0.97736 
681 1.25377e-05 0.998822 5.80557e-05 0.9946 0.000139264 0.987253 0.000249276 0.97761 
682 7.03773e-06 0.998829 3.08404e-05 0.994631 6.68771e-05 0.987319 0.000102923 0.977713 
683 1.23127e-05 0.998841 5.70328e-05 0.994688 0.000136895 0.987456 0.000245272 0.977958 
684 6.97954e-06 0.998848 3.06065e-05 0.994718 6.64578e-05 0.987523 0.000102497 0.97806 
685 1.20909e-05 0.99886 5.6024e-05 0.994774 0.000134557 0.987657 0.000241312 0.978302 
686 6.92189e-06 0.998867 3.03744e-05 0.994805 6.60405e-05 0.987723 0.00010207 0.978404 
687 1.18723e-05 0.998879 5.50292e-05 0.99486 0.000132249 0.987856 0.000237395 0.978641 
688 6.86476e-06 0.998886 3.0144e-05 0.99489 6.5625e-05 0.987921 0.000101641 0.978743 
689 1.16569e-05 0.998898 5.40483e-05 0.994944 0.00012997 0.988051 0.000233521 0.978976 
690 6.80815e-06 0.998905 2.99155e-05 0.994974 6.52114e-05 0.988116 0.00010121 0.979077 
691 1.14446e-05 0.998916 5.30811e-05 0.995027 0.00012772 0.988244 0.00022969 0.979307 
692 6.75205e-06 0.998923 2.96888e-05 0.995057 6.47998e-05 0.988309 0.000100778 0.979408 
693 1.12355e-05 0.998934 5.21273e-05 0.995109 0.0001255 0.988434 0.000225902 0.979634 
694 6.69647e-06 0.998941 2.94638e-05 0.995138 6.439e-05 0.988499 0.000100345 0.979734 
695 1.10293e-05 0.998952 5.11869e-05 0.995189 0.000123308 0.988622 0.000222155 0.979956 
696 6.6414e-06 0.998958 2.92405e-05 0.995219 6.39822e-05 0.988686 9.991e-05 0.980056 
697 1.08262e-05 0.998969 5.02598e-05 0.995269 0.000121144 0.988807 0.000218451 0.980275 
698 6.58682e-06 0.998976 2.9019e-05 0.995298 6.35762e-05 0.988871 9.94739e-05 0.980374 
699 1.0626e-05 0.998986 4.93456e-05 0.995347 0.000119009 0.98899 0.000214789 0.980589 
700 6.53273e-06 0.998993 2.87991e-05 0.995376 6.31721e-05 0.989053 9.90367e-05 0.980688 
701 1.04288e-05 0.999003 4.84443e-05 0.995424 0.000116901 0.98917 0.000211168 0.980899 
702 6.47914e-06 0.99901 2.8581e-05 0.995453 6.277e-05 0.989233 9.85982e-05 0.980998 
703 1.02344e-05 0.99902 4.75557e-05 0.995501 0.000114821 0.989348 0.000207589 0.981205 
704 6.42603e-06 0.999027 2.83645e-05 0.995529 6.23697e-05 0.98941 9.81587e-05 0.981303 
705 1.00429e-05 0.999037 4.66797e-05 0.995576 0.000112768 0.989523 0.000204051 0.981508 
706 6.37339e-06 0.999043 2.81498e-05 0.995604 6.19713e-05 0.989585 9.77181e-05 0.981605 
707 9.8542e-06 0.999053 4.58161e-05 0.99565 0.000110743 0.989695 0.000200553 0.981806 
708 6.32123e-06 0.999059 2.79366e-05 0.995678 6.15748e-05 0.989757 9.72764e-05 0.981903 
709 9.66829e-06 0.999069 4.49647e-05 0.995723 0.000108744 0.989866 0.000197096 0.9821 
710 6.26954e-06 0.999075 2.77251e-05 0.99575 6.11803e-05 0.989927 9.68339e-05 0.982197 
711 9.48512e-06 0.999085 4.41255e-05 0.995794 0.000106771 0.990034 0.00019368 0.982391 
712 6.21831e-06 0.999091 2.75153e-05 0.995822 6.07876e-05 0.990094 9.63904e-05 0.982487 
713 9.30466e-06 0.9991 4.32983e-05 0.995865 0.000104825 0.990199 0.000190304 0.982677 
714 6.16754e-06 0.999106 2.7307e-05 0.995892 6.03967e-05 0.99026 9.59461e-05 0.982773 
715 9.12687e-06 0.999115 4.24829e-05 0.995935 0.000102905 0.990363 0.000186967 0.98296 
716 6.11722e-06 0.999121 2.71004e-05 0.995962 6.00078e-05 0.990423 9.5501e-05 0.983056 
717 8.95172e-06 0.99913 4.16792e-05 0.996004 0.00010101 0.990524 0.00018367 0.983239 
718 6.06735e-06 0.999136 2.68953e-05 0.996031 5.96208e-05 0.990583 9.50551e-05 0.983335 
719 8.77917e-06 0.999145 4.0887e-05 0.996072 9.9141e-05 0.990682 0.000180412 0.983515 
720 6.01792e-06 0.999151 2.66918e-05 0.996098 5.92356e-05 0.990742 9.46085e-05 0.98361 
721 8.60919e-06 0.99916 4.01062e-05 0.996138 9.7297e-05 0.990839 0.000177193 0.983787 
722 5.96893e-06 0.999166 2.64898e-05 0.996165 5.88524e-05 0.990898 9.41613e-05 0.983881 
723 8.44175e-06 0.999174 3.93367e-05 0.996204 9.5478e-05 0.990993 0.000174014 0.984055 
724 5.92038e-06 0.99918 2.62894e-05 0.99623 5.8471e-05 0.991052 9.37135e-05 0.984149 
725 8.27681e-06 0.999188 3.85784e-05 0.996269 9.36836e-05 0.991145 0.000170872 0.984319 
726 5.87226e-06 0.999194 2.60905e-05 0.996295 5.80914e-05 0.991203 9.32651e-05 0.984413 
727 8.11435e-06 0.999202 3.78311e-05 0.996333 9.19137e-05 0.991295 0.000167769 0.984581 
728 5.82456e-06 0.999208 2.58932e-05 0.996359 5.77138e-05 0.991353 9.28162e-05 0.984673 
729 7.95433e-06 0.999216 3.70946e-05 0.996396 9.01679e-05 0.991443 0.000164704 0.984838 
730 5.77728e-06 0.999222 2.56973e-05 0.996422 5.7338e-05 0.991501 9.23669e-05 0.98493 
731 7.79672e-06 0.99923 3.63689e-05 0.996458 8.84461e-05 0.991589 0.000161677 0.985092 
732 5.73042e-06 0.999236 2.5503e-05 0.996484 5.69641e-05 0.991646 9.19171e-05 0.985184 
733 7.64148e-06 0.999243 3.56539e-05 0.996519 8.6748e-05 0.991733 0.000158687 0.985343 
734 5.68397e-06 0.999249 2.53101e-05 0.996544 5.6592e-05 0.991789 9.14669e-05 0.985434 
735 7.4886e-06 0.999256 3.49493e-05 0.996579 8.50734e-05 0.991874 0.000155734 0.98559 
736 5.63793e-06 0.999262 2.51186e-05 0.996605 5.62218e-05 0.991931 9.10164e-05 0.985681 
737 7.33804e-06 0.999269 3.42551e-05 0.996639 8.3422e-05 0.992014 0.000152818 0.985834 
738 5.59229e-06 0.999275 2.49287e-05 0.996664 5.58535e-05 0.99207 9.05656e-05 0.985924 
739 7.18976e-06 0.999282 3.35711e-05 0.996697 8.17936e-05 0.992152 0.000149939 0.986074 
740 5.54705e-06 0.999288 2.47402e-05 0.996722 5.5487e-05 0.992207 9.01146e-05 0.986164 
741 7.04375e-06 0.999295 3.28973e-05 0.996755 8.01879e-05 0.992287 0.000147097 0.986311 
742 5.50221e-06 0.9993 2.45531e-05 0.996779 5.51224e-05 0.992342 8.96633e-05 0.986401 
743 6.89997e-06 0.999307 3.22335e-05 0.996812 7.86048e-05 0.992421 0.000144291 0.986545 
744 5.45776e-06 0.999313 2.43674e-05 0.996836 5.47596e-05 0.992476 8.92119e-05 0.986635 
745 6.7584e-06 0.999319 3.15796e-05 0.996868 7.7044e-05 0.992553 0.00014152 0.986776 
746 5.41369e-06 0.999325 2.41831e-05 0.996892 5.43987e-05 0.992607 8.87604e-05 0.986865 
747 6.619e-06 0.999331 3.09354e-05 0.996923 7.55053e-05 0.992683 0.000138786 0.987004 
748 5.37001e-06 0.999337 2.40002e-05 0.996947 5.40396e-05 0.992737 8.83087e-05 0.987092 
749 6.48175e-06 0.999343 3.03009e-05 0.996977 7.39884e-05 0.992811 0.000136086 0.987228 
750 5.32671e-06 0.999349 2.38187e-05 0.997001 5.36823e-05 0.992865 8.7857e-05 0.987316 
751 6.34662e-06 0.999355 2.9676e-05 0.997031 7.24931e-05 0.992937 0.000133422 0.987449 
752 5.28378e-06 0.99936 2.36386e-05 0.997054 5.33268e-05 0.99299 8.74053e-05 0.987537 
753 6.21358e-06 0.999366 2.90605e-05 0.997083 7.10193e-05 0.993061 0.000130793 0.987668 
754 5.24123e-06 0.999372 2.34599e-05 0.997107 5.29732e-05 0.993114 8.69536e-05 0.987755 
755 6.08262e-06 0.999378 2.84543e-05 0.997135 6.95666e-05 0.993184 0.000128199 0.987883 
756 5.19904e-06 0.999383 2.32824e-05 0.997158 5.26214e-05 0.993237 8.6502e-05 0.987969 
757 5.9537e-06 0.999389 2.78573e-05 0.997186 6.8135e-05 0.993305 0.000125638 0.988095 
758 5.15721e-06 0.999394 2.31064e-05 0.997209 5.22715e-05 0.993357 8.60504e-05 0.988181 
759 5.82679e-06 0.9994 2.72695e-05 0.997237 6.67241e-05 0.993424 0.000123112 0.988304 
760 5.11575e-06 0.999405 2.29316e-05 0.99726 5.19233e-05 0.993476 8.5599e-05 0.98839 
761 5.70188e-06 0.999411 2.66906e-05 0.997286 6.53337e-05 0.993541 0.00012062 0.98851 
762 5.07464e-06 0.999416 2.27582e-05 0.997309 5.15769e-05 0.993592 8.51478e-05 0.988595 
763 5.57894e-06 0.999421 2.61206e-05 0.997335 6.39637e-05 0.993656 0.000118162 0.988714 
764 5.03389e-06 0.999426 2.2586e-05 0.997358 5.12324e-05 0.993708 8.46967e-05 0.988798 
765 5.45794e-06 0.999432 2.55595e-05 0.997383 6.26138e-05 0.99377 0.000115736 0.988914 
766 4.99349e-06 0.999437 2.24152e-05 0.997406 5.08896e-05 0.993821 8.42459e-05 0.988998 
767 5.33885e-06 0.999442 2.5007e-05 0.997431 6.12839e-05 0.993882 0.000113344 0.989112 
768 4.95343e-06 0.999447 2.22456e-05 0.997453 5.05487e-05 0.993933 8.37953e-05 0.989195 
769 5.22166e-06 0.999452 2.4463e-05 0.997477 5.99737e-05 0.993993 0.000110985 0.989306 
770 4.91371e-06 0.999457 2.20773e-05 0.9975 5.02095e-05 0.994043 8.3345e-05 0.98939 
771 5.10635e-06 0.999462 2.39276e-05 0.997523 5.8683e-05 0.994102 0.000108658 0.989498 
772 4.87434e-06 0.999467 2.19103e-05 0.997545 4.98721e-05 0.994152 8.28951e-05 0.989581 
773 4.99288e-06 0.999472 2.34006e-05 0.997569 5.74116e-05 0.994209 0.000106364 0.989688 
774 4.8353e-06 0.999477 2.17446e-05 0.997591 4.95365e-05 0.994259 8.24455e-05 0.98977 
775 4.88123e-06 0.999482 2.28818e-05 0.997613 5.61594e-05 0.994315 0.000104102 0.989874 
776 4.79659e-06 0.999487 2.158e-05 0.997635 4.92027e-05 0.994364 8.19963e-05 0.989956 
777 4.77139e-06 0.999491 2.23713e-05 0.997657 5.49261e-05 0.994419 0.000101871 0.990058 
778 4.75821e-06 0.999496 2.14167e-05 0.997679 4.88706e-05 0.994468 8.15475e-05 0.99014 
779 4.66333e-06 0.999501 2.18688e-05 0.997701 5.37115e-05 0.994522 9.96725e-05 0.990239 
780 4.72016e-06 0.999506 2.12546e-05 0.997722 4.85403e-05 0.99457 8.10992e-05 0.99032 
781 4.55703e-06 0.99951 2.13743e-05 0.997743 5.25155e-05 0.994623 9.75051e-05 0.990418 
782 4.68242e-06 0.999515 2.10938e-05 0.997764 4.82118e-05 0.994671 8.06513e-05 0.990498 
783 4.45246e-06 0.999519 2.08877e-05 0.997785 5.13378e-05 0.994722 9.53687e-05 0.990594 
784 4.64501e-06 0.999524 2.09341e-05 0.997806 4.7885e-05 0.99477 8.02039e-05 0.990674 
785 4.34961e-06 0.999528 2.0409e-05 0.997827 5.01783e-05 0.99482 9.32631e-05 0.990767 
786 4.60792e-06 0.999533 2.07756e-05 0.997847 4.756e-05 0.994868 7.97571e-05 0.990847 
787 4.24845e-06 0.999537 1.9938e-05 0.997867 4.90368e-05 0.994917 9.11881e-05 0.990938 
788 4.57114e-06 0.999542 2.06183e-05 0.997888 4.72367e-05 0.994964 7.93108e-05 0.991018 
789 4.14896e-06 0.999546 1.94746e-05 0.997907 4.79131e-05 0.995012 8.91435e-05 0.991107 
790 4.53467e-06 0.99955 2.04622e-05 0.997928 4.69151e-05 0.995059 7.88651e-05 0.991186 
791 4.05113e-06 0.999554 1.90187e-05 0.997947 4.68069e-05 0.995106 8.7129e-05 0.991273 
792 4.4985e-06 0.999559 2.03072e-05 0.997967 4.65953e-05 0.995152 7.842e-05 0.991351 
793 3.95492e-06 0.999563 1.85703e-05 0.997986 4.57182e-05 0.995198 8.51443e-05 0.991436 
794 4.46264e-06 0.999567 2.01534e-05 0.998006 4.62772e-05 0.995244 7.79756e-05 0.991514 
795 3.86033e-06 0.999571 1.81293e-05 0.998024 4.46468e-05 0.995289 8.31892e-05 0.991597 
796 4.42708e-06 0.999576 2.00008e-05 0.998044 4.59608e-05 0.995335 7.75318e-05 0.991675 
797 3.76734e-06 0.999579 1.76956e-05 0.998062 4.35924e-05 0.995378 8.12635e-05 0.991756 
798 4.39182e-06 0.999584 1.98492e-05 0.998082 4.56462e-05 0.995424 7.70887e-05 0.991833 
799 3.67591e-06 0.999588 1.7269e-05 0.998099 4.25549e-05 0.995467 7.93669e-05 0.991913 
800 4.35685e-06 0.999592 1.96988e-05 0.998119 4.53332e-05 0.995512 7.66463e-05 0.991989 
801 3.58604e-06 0.999595 1.68496e-05 0.998135 4.15341e-05 0.995554 7.74992e-05 0.992067 
802 4.32218e-06 0.9996 1.95495e-05 0.998155 4.5022e-05 0.995599 7.62047e-05 0.992143 
803 3.4977e-06 0.999603 1.64372e-05 0.998171 4.05298e-05 0.995639 7.56601e-05 0.992219 
804 4.28779e-06 0.999608 1.94013e-05 0.998191 4.47124e-05 0.995684 7.57638e-05 0.992294 
805 3.41088e-06 0.999611 1.60318e-05 0.998207 3.9542e-05 0.995723 7.38494e-05 0.992368 
806 4.2537e-06 0.999615 1.92543e-05 0.998226 4.44046e-05 0.995768 7.53237e-05 0.992444 
807 3.32556e-06 0.999619 1.56333e-05 0.998242 3.85703e-05 0.995806 7.20668e-05 0.992516 
808 4.21988e-06 0.999623 1.91083e-05 0.998261 4.40984e-05 0.99585 7.48843e-05 0.992591 
809 3.24171e-06 0.999626 1.52415e-05 0.998276 3.76147e-05 0.995888 7.03122e-05 0.992661 
810 4.18635e-06 0.99963 1.89633e-05 0.998295 4.37939e-05 0.995932 7.44458e-05 0.992735 
811 3.15932e-06 0.999633 1.48564e-05 0.99831 3.66749e-05 0.995969 6.85852e-05 0.992804 
812 4.1531e-06 0.999638 1.88195e-05 0.998329 4.34911e-05 0.996012 7.40082e-05 0.992878 
813 3.07838e-06 0.999641 1.4478e-05 0.998343 3.57508e-05 0.996048 6.68857e-05 0.992945 
814 4.12012e-06 0.999645 1.86767e-05 0.998362 4.319e-05 0.996091 7.35714e-05 0.993018 
815 2.99887e-06 0.999648 1.41062e-05 0.998376 3.48423e-05 0.996126 6.52134e-05 0.993084 
816 4.08741e-06 0.999652 1.8535e-05 0.998395 4.28905e-05 0.996169 7.31355e-05 0.993157 
817 2.92076e-06 0.999655 1.37408e-05 0.998408 3.39491e-05 0.996203 6.35681e-05 0.99322 
818 4.05498e-06 0.999659 1.83943e-05 0.998427 4.25927e-05 0.996245 7.27005e-05 0.993293 
819 2.84404e-06 0.999662 1.33818e-05 0.99844 3.30711e-05 0.996278 6.19495e-05 0.993355 
820 4.02281e-06 0.999666 1.82547e-05 0.998458 4.22965e-05 0.996321 7.22665e-05 0.993427 
821 2.7687e-06 0.999668 1.30292e-05 0.998471 3.22082e-05 0.996353 6.03574e-05 0.993488 
822 3.99091e-06 0.999672 1.8116e-05 0.998489 4.2002e-05 0.996395 7.18334e-05 0.993559 
823 2.69471e-06 0.999675 1.26828e-05 0.998502 3.13602e-05 0.996426 5.87917e-05 0.993618 
824 3.95927e-06 0.999679 1.79785e-05 0.99852 4.17091e-05 0.996468 7.14012e-05 0.99369 
825 2.62207e-06 0.999682 1.23426e-05 0.998532 3.0527e-05 0.996498 5.72519e-05 0.993747 
826 3.9279e-06 0.999686 1.78419e-05 0.99855 4.14179e-05 0.99654 7.09701e-05 0.993818 
827 2.55075e-06 0.999688 1.20086e-05 0.998562 2.97083e-05 0.99657 5.5738e-05 0.993874 
828 3.89678e-06 0.999692 1.77063e-05 0.99858 4.11283e-05 0.996611 7.05399e-05 0.993944 
829 2.48074e-06 0.999695 1.16806e-05 0.998592 2.89041e-05 0.99664 5.42497e-05 0.993998 
830 3.86591e-06 0.999698 1.75717e-05 0.998609 4.08403e-05 0.99668 7.01108e-05 0.994068 
831 2.41202e-06 0.999701 1.13585e-05 0.998621 2.81141e-05 0.996709 5.27867e-05 0.994121 
832 3.8353e-06 0.999705 1.74381e-05 0.998638 4.05539e-05 0.996749 6.96827e-05 0.994191 
833 2.34458e-06 0.999707 1.10424e-05 0.998649 2.73382e-05 0.996776 5.13489e-05 0.994242 
834 3.80494e-06 0.999711 1.73055e-05 0.998666 4.02691e-05 0.996817 6.92557e-05 0.994312 
835 2.2784e-06 0.999713 1.07321e-05 0.998677 2.65764e-05 0.996843 4.9936e-05 0.994361 
836 3.77483e-06 0.999717 1.71739e-05 0.998694 3.99859e-05 0.996883 6.88297e-05 0.99443 
837 2.21347e-06 0.999719 1.04276e-05 0.998705 2.58284e-05 0.996909 4.85478e-05 0.994479 
838 3.74496e-06 0.999723 1.70432e-05 0.998722 3.97043e-05 0.996949 6.84048e-05 0.994547 
839 2.14977e-06 0.999725 1.01287e-05 0.998732 2.5094e-05 0.996974 4.71841e-05 0.994594 
840 3.71534e-06 0.999729 1.69135e-05 0.998749 3.94244e-05 0.997013 6.7981e-05 0.994662 
841 2.08729e-06 0.999731 9.83556e-06 0.998759 2.43733e-05 0.997038 4.58446e-05 0.994708 
842 3.68596e-06 0.999734 1.67848e-05 0.998775 3.9146e-05 0.997077 6.75584e-05 0.994776 
843 2.02601e-06 0.999736 9.54796e-06 0.998785 2.36659e-05 0.9971 4.45292e-05 0.99482 
844 3.65682e-06 0.99974 1.66569e-05 0.998802 3.88691e-05 0.997139 6.71368e-05 0.994888 
845 1.96591e-06 0.999742 9.26586e-06 0.998811 2.29717e-05 0.997162 4.32376e-05 0.994931 
846 3.62792e-06 0.999746 1.65301e-05 0.998827 3.85939e-05 0.997201 6.67165e-05 0.994997 
847 1.907e-06 0.999748 8.98922e-06 0.998836 2.22907e-05 0.997223 4.19695e-05 0.995039 
848 3.59925e-06 0.999751 1.64041e-05 0.998853 3.83202e-05 0.997262 6.62972e-05 0.995106 
849 1.84924e-06 0.999753 8.71795e-06 0.998862 2.16227e-05 0.997283 4.07249e-05 0.995146 
850 3.57081e-06 0.999757 1.62791e-05 0.998878 3.80481e-05 0.997321 6.58792e-05 0.995212 
851 1.79262e-06 0.999758 8.45201e-06 0.998886 2.09675e-05 0.997342 3.95035e-05 0.995252 
852 3.5426e-06 0.999762 1.6155e-05 0.998902 3.77775e-05 0.99738 6.54624e-05 0.995317 
853 1.73714e-06 0.999764 8.19133e-06 0.998911 2.0325e-05 0.9974 3.8305e-05 0.995356 
854 3.51462e-06 0.999767 1.60318e-05 0.998927 3.75085e-05 0.997438 6.50467e-05 0.995421 
855 1.68277e-06 0.999769 7.93585e-06 0.998935 1.96951e-05 0.997457 3.71292e-05 0.995458 
856 3.48687e-06 0.999772 1.59095e-05 0.998951 3.7241e-05 0.997495 6.46323e-05 0.995522 
857 1.62951e-06 0.999774 7.68551e-06 0.998958 1.90776e-05 0.997514 3.5976e-05 0.995558 
858 3.45934e-06 0.999778 1.5788e-05 0.998974 3.6975e-05 0.997551 6.42191e-05 0.995623 
859 1.57735e-06 0.999779 7.44026e-06 0.998981 1.84725e-05 0.997569 3.48451e-05 0.995657 
860 3.43204e-06 0.999783 1.56675e-05 0.998997 3.67106e-05 0.997606 6.38072e-05 0.995721 
861 1.52626e-06 0.999784 7.20002e-06 0.999004 1.78795e-05 0.997624 3.37363e-05 0.995755 
862 3.40495e-06 0.999787 1.55479e-05 0.99902 3.64477e-05 0.99766 6.33965e-05 0.995818 
863 1.47623e-06 0.999789 6.96475e-06 0.999027 1.72985e-05 0.997678 3.26495e-05 0.995851 
864 3.37808e-06 0.999792 1.54291e-05 0.999042 3.61863e-05 0.997714 6.29871e-05 0.995914 
865 1.42726e-06 0.999794 6.73438e-06 0.999049 1.67294e-05 0.99773 3.15843e-05 0.995946 
866 3.35143e-06 0.999797 1.53112e-05 0.999064 3.59264e-05 0.997766 6.25789e-05 0.996008 
867 1.37933e-06 0.999798 6.50887e-06 0.999071 1.61722e-05 0.997783 3.05407e-05 0.996039 
868 3.32499e-06 0.999802 1.51941e-05 0.999086 3.5668e-05 0.997818 6.21721e-05 0.996101 
869 1.33243e-06 0.999803 6.28815e-06 0.999092 1.56266e-05 0.997834 2.95183e-05 0.99613 
870 3.29877e-06 0.999806 1.50779e-05 0.999107 3.54111e-05 0.997869 6.17666e-05 0.996192 
871 1.28654e-06 0.999808 6.07217e-06 0.999113 1.50925e-05 0.997884 2.8517e-05 0.996221 
872 3.27275e-06 0.999811 1.49626e-05 0.999128 3.51557e-05 0.99792 6.13623e-05 0.996282 
873 1.24166e-06 0.999812 5.86088e-06 0.999134 1.45699e-05 0.997934 2.75367e-05 0.99631 
874 3.24694e-06 0.999815 1.4848e-05 0.999149 3.49018e-05 0.997969 6.09594e-05 0.996371 
875 1.19776e-06 0.999817 5.65422e-06 0.999155 1.40585e-05 0.997983 2.6577e-05 0.996397 
876 3.22134e-06 0.99982 1.47343e-05 0.999169 3.46494e-05 0.998018 6.05579e-05 0.996458 
877 1.15485e-06 0.999821 5.45213e-06 0.999175 1.35583e-05 0.998031 2.56378e-05 0.996483 
878 3.19595e-06 0.999824 1.46215e-05 0.99919 3.43984e-05 0.998066 6.01576e-05 0.996543 
879 1.11291e-06 0.999825 5.25458e-06 0.999195 1.30691e-05 0.998079 2.47189e-05 0.996568 
880 3.17075e-06 0.999829 1.45094e-05 0.999209 3.41489e-05 0.998113 5.97588e-05 0.996628 
881 1.07192e-06 0.99983 5.06149e-06 0.999214 1.25909e-05 0.998125 2.38202e-05 0.996652 
882 3.14576e-06 0.999833 1.43982e-05 0.999229 3.39009e-05 0.998159 5.93613e-05 0.996711 
883 1.03188e-06 0.999834 4.87283e-06 0.999234 1.21235e-05 0.998172 2.29413e-05 0.996734 
884 3.12096e-06 0.999837 1.42878e-05 0.999248 3.36543e-05 0.998205 5.89651e-05 0.996793 
885 9.92769e-07 0.999838 4.68853e-06 0.999253 1.16668e-05 0.998217 2.20821e-05 0.996815 
886 3.09637e-06 0.999841 1.41782e-05 0.999267 3.34091e-05 0.99825 5.85704e-05 0.996874 
887 9.54583e-07 0.999842 4.50856e-06 0.999271 1.12206e-05 0.998261 2.12425e-05 0.996895 
888 3.07196e-06 0.999845 1.40693e-05 0.999285 3.31654e-05 0.998295 5.8177e-05 0.996953 
889 9.17309e-07 0.999846 4.33286e-06 0.99929 1.07849e-05 0.998305 2.04222e-05 0.996974 
890 3.04776e-06 0.999849 1.39613e-05 0.999304 3.29231e-05 0.998338 5.7785e-05 0.997031 
891 8.80936e-07 0.99985 4.16137e-06 0.999308 1.03596e-05 0.998349 1.9621e-05 0.997051 
892 3.02374e-06 0.999853 1.38541e-05 0.999322 3.26823e-05 0.998381 5.73945e-05 0.997108 
893 8.45453e-07 0.999854 3.99406e-06 0.999326 9.94446e-06 0.998391 1.88388e-05 0.997127 
894 2.99991e-06 0.999857 1.37476e-05 0.999339 3.24428e-05 0.998424 5.70053e-05 0.997184 
895 8.1085e-07 0.999858 3.83088e-06 0.999343 9.53948e-06 0.998433 1.80754e-05 0.997202 
896 2.97628e-06 0.999861 1.36419e-05 0.999357 3.22048e-05 0.998466 5.66176e-05 0.997259 
897 7.77116e-07 0.999861 3.67177e-06 0.999361 9.14451e-06 0.998475 1.73305e-05 0.997276 
898 2.95283e-06 0.999864 1.35369e-05 0.999374 3.19682e-05 0.998507 5.62313e-05 0.997332 
899 7.44241e-07 0.999865 3.51669e-06 0.999378 8.75944e-06 0.998515 1.66041e-05 0.997349 
900 2.92956e-06 0.999868 1.34327e-05 0.999391 3.1733e-05 0.998547 5.58465e-05 0.997405 
901 7.12216e-07 0.999869 3.3656e-06 0.999394 8.38418e-06 0.998555 1.58958e-05 0.997421 
902 2.90648e-06 0.999872 1.33293e-05 0.999408 3.14992e-05 0.998587 5.54631e-05 0.997476 
903 6.81028e-07 0.999872 3.21844e-06 0.999411 8.0186e-06 0.998595 1.52056e-05 0.997491 
904 2.88358e-06 0.999875 1.32266e-05 0.999424 3.12667e-05 0.998626 5.50811e-05 0.997547 
905 6.5067e-07 0.999876 3.07518e-06 0.999427 7.6626e-06 0.998634 1.45332e-05 0.997561 
906 2.86086e-06 0.999879 1.31247e-05 0.99944 3.10357e-05 0.998665 5.47006e-05 0.997616 
907 6.21131e-07 0.999879 2.93576e-06 0.999443 7.31609e-06 0.998672 1.38785e-05 0.99763 
908 2.83832e-06 0.999882 1.30235e-05 0.999456 3.0806e-05 0.998703 5.43216e-05 0.997684 
909 5.924e-07 0.999883 2.80015e-06 0.999459 6.97894e-06 0.99871 1.32413e-05 0.997697 
910 2.81596e-06 0.999885 1.2923e-05 0.999472 3.05777e-05 0.998741 5.3944e-05 0.997751 
911 5.6447e-07 0.999886 2.66829e-06 0.999475 6.65107e-06 0.998747 1.26214e-05 0.997764 
912 2.79377e-06 0.999889 1.28232e-05 0.999488 3.03507e-05 0.998778 5.35679e-05 0.997817 
913 5.3733e-07 0.999889 2.54015e-06 0.99949 6.33237e-06 0.998784 1.20186e-05 0.997829 
914 2.77175e-06 0.999892 1.27242e-05 0.999503 3.01252e-05 0.998814 5.31933e-05 0.997883 
915 5.1097e-07 0.999893 2.41568e-06 0.999505 6.02273e-06 0.99882 1.14328e-05 0.997894 
916 2.74991e-06 0.999895 1.26259e-05 0.999518 2.99009e-05 0.99885 5.28202e-05 0.997947 
917 4.85383e-07 0.999896 2.29484e-06 0.99952 5.72207e-06 0.998856 1.08638e-05 0.997958 
918 2.72824e-06 0.999899 1.25283e-05 0.999533 2.9678e-05 0.998885 5.24485e-05 0.99801 
919 4.60558e-07 0.999899 2.17759e-06 0.999535 5.43027e-06 0.998891 1.03114e-05 0.99802 
920 2.70674e-06 0.999902 1.24314e-05 0.999547 2.94565e-05 0.99892 5.20784e-05 0.998073 
921 4.36486e-07 0.999902 2.06389e-06 0.999549 5.14724e-06 0.998925 9.77543e-06 0.998082 
922 2.68541e-06 0.999905 1.23351e-05 0.999562 2.92362e-05 0.998955 5.17097e-05 0.998134 
923 4.13159e-07 0.999905 1.95369e-06 0.999564 4.87289e-06 0.99896 9.25575e-06 0.998143 
924 2.66424e-06 0.999908 1.22396e-05 0.999576 2.90173e-05 0.998989 5.13426e-05 0.998195 
925 3.90567e-07 0.999908 1.84696e-06 0.999578 4.60711e-06 0.998993 8.75216e-06 0.998203 
926 2.64324e-06 0.999911 1.21448e-05 0.99959 2.87998e-05 0.999022 5.0977e-05 0.998254 
927 3.68703e-07 0.999911 1.74365e-06 0.999592 4.34981e-06 0.999026 8.26452e-06 0.998263 
928 2.6224e-06 0.999914 1.20506e-05 0.999604 2.85835e-05 0.999055 5.06129e-05 0.998313 
929 3.47557e-07 0.999914 1.64373e-06 0.999605 4.1009e-06 0.999059 7.79265e-06 0.998321 
930 2.60173e-06 0.999917 1.19572e-05 0.999617 2.83685e-05 0.999087 5.02503e-05 0.998371 
931 3.27121e-07 0.999917 1.54715e-06 0.999619 3.86029e-06 0.999091 7.33638e-06 0.998379 
932 2.58121e-06 0.99992 1.18644e-05 0.999631 2.81549e-05 0.999119 4.98893e-05 0.998428 
933 3.07387e-07 0.99992 1.45388e-06 0.999632 3.62788e-06 0.999123 6.89555e-06 0.998435 
934 2.56086e-06 0.999923 1.17722e-05 0.999644 2.79425e-05 0.999151 4.95297e-05 0.998485 
935 2.88346e-07 0.999923 1.36388e-06 0.999645 3.40357e-06 0.999154 6.47e-06 0.998491 
936 2.54066e-06 0.999926 1.16808e-05 0.999657 2.77314e-05 0.999182 4.91717e-05 0.998541 
937 2.6999e-07 0.999926 1.27711e-06 0.999658 3.18729e-06 0.999185 6.05957e-06 0.998547 
938 2.52062e-06 0.999928 1.159e-05 0.99967 2.75216e-05 0.999213 4.88153e-05 0.998595 
939 2.52311e-07 0.999929 1.19353e-06 0.999671 2.97893e-06 0.999216 5.66409e-06 0.998601 
940 2.50074e-06 0.999931 1.14998e-05 0.999683 2.73131e-05 0.999243 4.84603e-05 0.99865 
941 2.35301e-07 0.999931 1.11311e-06 0.999684 2.77841e-06 0.999246 5.28341e-06 0.998655 
942 2.48101e-06 0.999934 1.14103e-05 0.999695 2.71058e-05 0.999273 4.81069e-05 0.998703 
943 2.18952e-07 0.999934 1.03581e-06 0.999696 2.58565e-06 0.999276 4.91737e-06 0.998708 
944 2.46143e-06 0.999937 1.13214e-05 0.999707 2.68998e-05 0.999303 4.77551e-05 0.998756 
945 2.03257e-07 0.999937 9.61597e-07 0.999708 2.40055e-06 0.999305 4.56581e-06 0.99876 
946 2.442e-06 0.999939 1.12332e-05 0.99972 2.66951e-05 0.999332 4.74048e-05 0.998808 
947 1.88207e-07 0.999939 8.90428e-07 0.99972 2.22302e-06 0.999334 4.22858e-06 0.998812 
948 2.42272e-06 0.999942 1.11456e-05 0.999732 2.64916e-05 0.99936 4.70561e-05 0.998859 
949 1.73795e-07 0.999942 8.22271e-07 0.999732 2.05299e-06 0.999362 3.90552e-06 0.998863 
950 2.4036e-06 0.999944 1.10586e-05 0.999744 2.62894e-05 0.999389 4.67089e-05 0.998909 
951 1.60013e-07 0.999944 7.5709e-07 0.999744 1.89037e-06 0.999391 3.59647e-06 0.998913 
952 2.38462e-06 0.999947 1.09722e-05 0.999755 2.60884e-05 0.999417 4.63632e-05 0.998959 
953 1.46854e-07 0.999947 6.94852e-07 0.999756 1.73506e-06 0.999418 3.30129e-06 0.998963 
954 2.36578e-06 0.999949 1.08865e-05 0.999767 2.58886e-05 0.999444 4.60191e-05 0.999009 
955 1.34311e-07 0.99995 6.35522e-07 0.999767 1.587e-06 0.999446 3.01982e-06 0.999012 
956 2.34709e-06 0.999952 1.08014e-05 0.999778 2.56901e-05 0.999472 4.56766e-05 0.999057 
957 1.22376e-07 0.999952 5.79066e-07 0.999779 1.4461e-06 0.999473 2.75192e-06 0.99906 
958 2.32855e-06 0.999954 1.07169e-05 0.99979 2.54928e-05 0.999498 4.53356e-05 0.999106 
959 1.11042e-07 0.999954 5.2545e-07 0.99979 1.31227e-06 0.9995 2.49743e-06 0.999108 
960 2.31015e-06 0.999957 1.0633e-05 0.999801 2.52967e-05 0.999525 4.49962e-05 0.999153 
961 1.00302e-07 0.999957 4.74642e-07 0.999801 1.18544e-06 0.999526 2.25621e-06 0.999155 
962 2.29189e-06 0.999959 1.05497e-05 0.999812 2.51018e-05 0.999551 4.46584e-05 0.9992 
963 9.01497e-08 0.999959 4.26608e-07 0.999812 1.06552e-06 0.999552 2.02811e-06 0.999202 
964 2.27377e-06 0.999962 1.0467e-05 0.999823 2.49081e-05 0.999577 4.43221e-05 0.999246 
965 8.05768e-08 0.999962 3.81316e-07 0.999823 9.52435e-07 0.999578 1.81299e-06 0.999248 
966 2.25578e-06 0.999964 1.03849e-05 0.999833 2.47156e-05 0.999603 4.39874e-05 0.999292 
967 7.15772e-08 0.999964 3.38734e-07 0.999834 8.4611e-07 0.999604 1.61069e-06 0.999294 
968 2.23794e-06 0.999966 1.03033e-05 0.999844 2.45243e-05 0.999628 4.36542e-05 0.999337 
969 6.31439e-08 0.999966 2.9883e-07 0.999844 7.46464e-07 0.999629 1.42108e-06 0.999339 
970 2.22023e-06 0.999968 1.02224e-05 0.999855 2.43342e-05 0.999653 4.33226e-05 0.999382 
971 5.52704e-08 0.999968 2.61573e-07 0.999855 6.53421e-07 0.999654 1.24402e-06 0.999383 
972 2.20266e-06 0.999971 1.0142e-05 0.999865 2.41452e-05 0.999678 4.29926e-05 0.999426 
973 4.79498e-08 0.999971 2.26932e-07 0.999865 5.66905e-07 0.999679 1.07936e-06 0.999427 
974 2.18523e-06 0.999973 1.00622e-05 0.999875 2.39575e-05 0.999703 4.26642e-05 0.99947 
975 4.11758e-08 0.999973 1.94876e-07 0.999875 4.86839e-07 0.999703 9.26959e-07 0.999471 
976 2.16792e-06 0.999975 9.98303e-06 0.999885 2.37709e-05 0.999727 4.23373e-05 0.999513 
977 3.49418e-08 0.999975 1.65375e-07 0.999886 4.1315e-07 0.999727 7.86686e-07 0.999514 
978 2.15075e-06 0.999977 9.90438e-06 0.999896 2.35855e-05 0.999751 4.2012e-05 0.999556 
979 2.92415e-08 0.999977 1.38398e-07 0.999896 3.45763e-07 0.999751 6.58399e-07 0.999557 
980 2.13371e-06 0.999979 9.82629e-06 0.999905 2.34012e-05 0.999775 4.16883e-05 0.999599 
981 2.40684e-08 0.99998 1.13915e-07 0.999906 2.84606e-07 0.999775 5.41962e-07 0.999599 
982 2.1168e-06 0.999982 9.74876e-06 0.999915 2.32181e-05 0.999798 4.13661e-05 0.99964 
983 1.94165e-08 0.999982 9.18987e-08 0.999915 2.29604e-07 0.999799 4.37239e-07 0.999641 
984 2.10002e-06 0.999984 9.67178e-06 0.999925 2.30361e-05 0.999822 4.10455e-05 0.999682 
985 1.52794e-08 0.999984 7.23185e-08 0.999925 1.80687e-07 0.999822 3.44096e-07 0.999682 
986 2.08337e-06 0.999986 9.59535e-06 0.999935 2.28552e-05 0.999845 4.07265e-05 0.999723 
987 1.1651e-08 0.999986 5.51458e-08 0.999935 1.37784e-07 0.999845 2.62398e-07 0.999723 
988 2.06684e-06 0.999988 9.51947e-06 0.999944 2.26755e-05 0.999867 4.04091e-05 0.999764 
989 8.52545e-09 0.999988 4.03523e-08 0.999944 1.00823e-07 0.999868 1.92014e-07 0.999764 
990 2.05044e-06 0.99999 9.44413e-06 0.999954 2.24969e-05 0.99989 4.00932e-05 0.999804 
991 5.89664e-09 0.99999 2.79099e-08 0.999954 6.97358e-08 0.99989 1.32812e-07 0.999804 
992 2.03416e-06 0.999992 9.36933e-06 0.999963 2.23195e-05 0.999912 3.97789e-05 0.999844 
993 3.75869e-09 0.999992 1.77907e-08 0.999963 4.44524e-08 0.999912 8.46607e-08 0.999844 
994 2.01801e-06 0.999994 9.29506e-06 0.999973 2.21431e-05 0.999935 3.94661e-05 0.999883 
995 2.10579e-09 0.999994 9.96721e-09 0.999973 2.49045e-08 0.999935 4.74319e-08 0.999883 
996 2.00198e-06 0.999996 9.22132e-06 0.999982 2.19679e-05 0.999957 3.9155e-05 0.999923 
997 9.32162e-10 0.999996 4.41216e-09 0.999982 1.10245e-08 0.999957 2.09968e-08 0.999923 
998 1.98607e-06 0.999998 9.14811e-06 0.999991 2.17938e-05 0.999978 3.88454e-05 0.999961 
999 2.3211e-10 0.999998 1.09864e-09 0.999991 2.74512e-09 0.999978 5.22829e-09 0.999961 
1000 1.97028e-06 1 9.07542e-06 1 2.16208e-05 1 3.85374e-05 1 
