The following are the relative energies for the simulation FreeRotorInTruncatedSpace
Number of Eigenvalues: 53
Zero Point Energy = 0.0268362 kJ/mol
State | Relative Energy (kJ/mol)
0 0
1 0.026834
2 0.053668
3 0.0715693
4 0.080502
5 0.0984033
6 0.125237
7 0.134187
8 0.143139
9 0.161021
10 0.169973
11 0.187855
12 0.205757
13 0.214708
14 0.214741
15 0.232591
16 0.241575
17 0.268375
18 0.268409
19 0.277326
20 0.28631
21 0.295209
22 0.313144
23 0.313161
24 0.339944
25 0.339995
26 0.348928
27 0.357879
28 0.366829
29 0.375762
30 0.38473
31 0.402562
32 0.411564
33 0.420497
34 0.429481
35 0.429583
36 0.447348
37 0.474182
38 0.501051
39 0.501152
40 0.518917
41 0.554735
42 0.572721
43 0.644222
44 0.644324
45 0.715893
46 0.716205
47 0.787774
48 0.859064
49 0.859166
50 0.859343
51 0.930735
52 0.930945
