The following are the relative energies for the simulation FreeRotorInTruncatedSpace
Number of Eigenvalues: 119
Zero Point Energy = 0.0255834 kJ/mol
State | Relative Energy (kJ/mol)
0 0
1 0.0255955
2 0.051191
3 0.0682388
4 0.0767865
5 0.0938343
6 0.11943
7 0.128017
8 0.136478
9 0.153612
10 0.162073
11 0.179208
12 0.196256
13 0.204716
14 0.204803
15 0.221851
16 0.230399
17 0.255994
18 0.256034
19 0.264494
20 0.273042
21 0.281629
22 0.298638
23 0.298903
24 0.324272
25 0.324499
26 0.33282
27 0.341281
28 0.350094
29 0.358416
30 0.367142
31 0.384051
32 0.392737
33 0.401059
34 0.409607
35 0.409849
36 0.42692
37 0.435202
38 0.435381
39 0.435445
40 0.452515
41 0.460837
42 0.46104
43 0.477845
44 0.478088
45 0.495159
46 0.503683
47 0.503706
48 0.529302
49 0.537624
50 0.537866
51 0.538602
52 0.546327
53 0.554937
54 0.563461
55 0.564198
56 0.571945
57 0.589793
58 0.597806
59 0.606105
60 0.606841
61 0.61441
62 0.614652
63 0.623402
64 0.631723
65 0.632437
66 0.640248
67 0.665883
68 0.666045
69 0.666619
70 0.67508
71 0.682891
72 0.683308
73 0.692215
74 0.70851
75 0.708752
76 0.708904
77 0.725823
78 0.734348
79 0.734499
80 0.734858
81 0.742669
82 0.743406
83 0.751547
84 0.769001
85 0.776991
86 0.777142
87 0.794636
88 0.80261
89 0.811325
90 0.811644
91 0.819456
92 0.819698
93 0.819786
94 0.836769
95 0.836921
96 0.837505
97 0.845294
98 0.848855
99 0.863101
100 0.871422
101 0.874451
102 0.879564
103 0.887937
104 0.888112
105 0.896709
106 0.900046
107 0.905744
108 0.913556
109 0.913707
110 0.917094
111 0.939342
112 0.94269
113 0.947715
114 0.948209
115 0.948451
116 0.95635
117 0.965522
118 0.974047
