The following are the eigenvalues and errors for the simulation FreeRotorInTruncatedSpace
Number of Eigenvalues: 22
State | Eigenvalue (kJ/mol) | Error (kJ/mol?)
0 0.0287426 0
1 0.0574853 0
2 0.086228 0
3 0.10539 0
4 0.182037 0
5 0.258684 9.53776e-12
6 0.258685 0
7 0.335332 0
8 0.411979 2.8258e-11
9 0.488627 2.21185e-11
10 0.48863 1.58612e-11
11 0.565274 1.3917e-11
12 0.565277 3.7308e-12
13 0.641924 1.40509e-12
14 0.718569 6.43124e-11
15 0.718572 1.70907e-12
16 0.795219 2.96992e-11
17 0.795228 1.03766e-11
18 0.871875 6.66851e-10
19 0.948514 3.2331e-06
20 0.948517 1.44554e-06
21 0.948522 8.93245e-07
