The following are the eigenvalues and errors for the simulation FreeRotorInTruncatedSpace
Number of Eigenvalues: 19
State | Eigenvalue (kJ/mol) | Error (kJ/mol?)
0 0.0291778 0
1 0.106985 0
2 0.184793 1.11515e-09
3 0.262601 2.53573e-09
4 0.262601 2.70958e-10
5 0.340408 3.51253e-08
6 0.418216 2.7991e-10
7 0.496024 1.50767e-07
8 0.496024 4.22147e-08
9 0.573831 2.21061e-06
10 0.573832 4.37682e-07
11 0.651639 7.42101e-11
12 0.729447 0.000258989
13 0.729447 3.00881e-05
14 0.807255 0.000178023
15 0.807256 2.1643e-05
16 0.885063 4.45143e-09
17 0.96287 0.000221093
18 0.962883 0.00914065
