The following are the eigenvalues and errors for the simulation FreeRotorInTruncatedSpace
Number of Eigenvalues: 23
State | Eigenvalue (kJ/mol) | Error (kJ/mol?)
0 0.0255834 0
1 0.0938222 0
2 0.162061 3.08978e-12
3 0.2303 9.24671e-15
4 0.230387 8.75604e-16
5 0.298625 2.63167e-13
6 0.366864 8.87286e-13
7 0.43519 1.25419e-13
8 0.435432 2.00335e-13
9 0.503429 5.34393e-14
10 0.503671 1.20442e-14
11 0.57191 2.90295e-13
12 0.639993 1.20398e-13
13 0.640236 9.59916e-15
14 0.708475 3.31e-14
15 0.708892 7.22174e-15
16 0.77713 4.83374e-14
17 0.845039 3.14184e-11
18 0.845281 3.4341e-11
19 0.845369 4.73109e-11
20 0.91352 5.56413e-13
21 0.913695 1.18533e-13
22 0.981934 1.14839e-13
